CMDLINE /usr/bin/python3 main.py
MEM 1.316406 1578582278.3417
MEM 23.785156 1578582278.4493
MEM 28.363281 1578582278.5651
MEM 56.722656 1578582278.6761
CHLD 0 54.007812 1578582278.6828
MEM 56.722656 1578582278.7834
CHLD 0 81.777344 1578582278.7982
MEM 56.722656 1578582278.8988
CHLD 0 81.777344 1578582278.9084
MEM 56.722656 1578582279.0094
CHLD 0 81.777344 1578582279.0372
MEM 56.722656 1578582279.1382
CHLD 0 81.777344 1578582279.1669
MEM 56.722656 1578582279.2678
CHLD 0 81.777344 1578582279.2951
MEM 56.722656 1578582279.3954
CHLD 0 81.777344 1578582279.4044
MEM 56.722656 1578582279.5050
CHLD 0 81.777344 1578582279.5305
MEM 56.722656 1578582279.6314
CHLD 0 81.777344 1578582279.6573
MEM 56.722656 1578582279.7579
CHLD 0 81.777344 1578582279.7696
MEM 56.722656 1578582279.8706
CHLD 0 81.777344 1578582279.8988
MEM 56.722656 1578582279.9998
CHLD 0 81.777344 1578582280.0251
MEM 56.722656 1578582280.1259
CHLD 0 81.777344 1578582280.1416
MEM 56.722656 1578582280.2423
CHLD 0 81.777344 1578582280.2670
MEM 56.722656 1578582280.3677
CHLD 0 81.777344 1578582280.3937
MEM 56.722656 1578582280.4944
CHLD 0 81.777344 1578582280.5198
MEM 56.722656 1578582280.6205
CHLD 0 81.777344 1578582280.6472
MEM 56.722656 1578582280.7478
CHLD 0 81.777344 1578582280.7568
MEM 56.722656 1578582280.8574
CHLD 0 81.777344 1578582280.8828
MEM 56.722656 1578582280.9835
CHLD 0 81.777344 1578582281.0097
MEM 56.722656 1578582281.1104
CHLD 0 81.777344 1578582281.1356
MEM 56.722656 1578582281.2360
CHLD 0 81.777344 1578582281.2502
MEM 56.722656 1578582281.3508
CHLD 0 81.777344 1578582281.3792
MEM 56.722656 1578582281.4799
CHLD 0 81.777344 1578582281.5087
MEM 56.722656 1578582281.6094
CHLD 0 81.777344 1578582281.6380
MEM 56.722656 1578582281.7386
CHLD 0 81.777344 1578582281.7450
MEM 56.722656 1578582281.8458
CHLD 0 81.777344 1578582281.8721
MEM 56.722656 1578582281.9728
CHLD 0 81.777344 1578582282.0002
MEM 56.722656 1578582282.1009
CHLD 0 82.894531 1578582282.1266
MEM 56.722656 1578582282.2276
CHLD 0 82.894531 1578582282.2537
MEM 56.722656 1578582282.3545
CHLD 0 82.894531 1578582282.3770
MEM 56.722656 1578582282.4775
CHLD 0 82.894531 1578582282.4898
MEM 56.722656 1578582282.5901
CHLD 0 82.894531 1578582282.5961
MEM 56.722656 1578582282.6967
CHLD 0 82.894531 1578582282.7221
MEM 56.722656 1578582282.8227
CHLD 0 82.894531 1578582282.8478
MEM 56.722656 1578582282.9485
CHLD 0 82.894531 1578582282.9738
MEM 56.722656 1578582283.0744
CHLD 0 82.894531 1578582283.0992
MEM 56.722656 1578582283.2000
CHLD 0 87.050781 1578582283.2251
MEM 56.722656 1578582283.3262
CHLD 0 87.050781 1578582283.3530
MEM 56.722656 1578582283.4541
CHLD 0 87.050781 1578582283.4830
MEM 56.722656 1578582283.5838
CHLD 0 87.050781 1578582283.6117
MEM 56.722656 1578582283.7125
CHLD 0 87.050781 1578582283.7316
MEM 56.722656 1578582283.8323
CHLD 0 87.050781 1578582283.8608
MEM 56.722656 1578582283.9610
CHLD 0 87.050781 1578582283.9669
MEM 56.722656 1578582284.0671
CHLD 0 87.050781 1578582284.0726
MEM 56.722656 1578582284.1729
CHLD 0 87.050781 1578582284.1814
MEM 56.722656 1578582284.2821
CHLD 0 87.050781 1578582284.3101
MEM 56.722656 1578582284.4109
CHLD 0 87.050781 1578582284.4341
MEM 56.722656 1578582284.5348
CHLD 0 87.050781 1578582284.5643
MEM 56.722656 1578582284.6649
CHLD 0 87.050781 1578582284.6933
MEM 56.722656 1578582284.7941
CHLD 0 87.050781 1578582284.8218
MEM 56.722656 1578582284.9226
CHLD 0 87.050781 1578582284.9490
MEM 56.722656 1578582285.0497
CHLD 0 87.050781 1578582285.0775
MEM 56.722656 1578582285.1779
CHLD 0 87.050781 1578582285.1904
MEM 56.722656 1578582285.2912
CHLD 0 87.050781 1578582285.3021
MEM 56.722656 1578582285.4025
CHLD 0 87.050781 1578582285.4145
MEM 56.722656 1578582285.5151
CHLD 0 87.050781 1578582285.5393
MEM 56.722656 1578582285.6401
CHLD 0 87.050781 1578582285.6677
MEM 56.722656 1578582285.7685
CHLD 0 87.050781 1578582285.7969
MEM 56.722656 1578582285.8976
CHLD 0 87.050781 1578582285.9238
MEM 56.722656 1578582286.0242
CHLD 0 87.050781 1578582286.0308
MEM 56.722656 1578582286.1312
CHLD 0 87.050781 1578582286.1387
MEM 56.722656 1578582286.2391
CHLD 0 87.050781 1578582286.2499
MEM 56.722656 1578582286.3503
CHLD 0 87.050781 1578582286.3616
MEM 56.722656 1578582286.4623
CHLD 0 87.050781 1578582286.4889
MEM 56.722656 1578582286.5897
CHLD 0 87.050781 1578582286.6157
MEM 56.722656 1578582286.7163
CHLD 0 87.050781 1578582286.7337
MEM 56.722656 1578582286.8343
CHLD 0 87.050781 1578582286.8637
MEM 56.722656 1578582286.9643
CHLD 0 87.050781 1578582286.9820
MEM 56.722656 1578582287.0826
CHLD 0 87.050781 1578582287.1030
MEM 56.722656 1578582287.2040
CHLD 0 87.050781 1578582287.2316
MEM 56.722656 1578582287.3326
CHLD 0 87.050781 1578582287.3582
MEM 56.722656 1578582287.4590
CHLD 0 87.050781 1578582287.4877
MEM 56.722656 1578582287.5885
CHLD 0 87.050781 1578582287.6140
MEM 56.722656 1578582287.7146
CHLD 0 90.371094 1578582287.7278
MEM 56.722656 1578582287.8283
CHLD 0 90.644531 1578582287.8492
MEM 56.722656 1578582287.9497
CHLD 0 90.644531 1578582287.9629
MEM 56.722656 1578582288.0637
CHLD 0 90.644531 1578582288.0840
MEM 56.722656 1578582288.1844
CHLD 0 90.644531 1578582288.1961
MEM 56.722656 1578582288.2964
CHLD 0 90.644531 1578582288.3059
MEM 56.722656 1578582288.4062
CHLD 0 90.644531 1578582288.4124
MEM 56.722656 1578582288.5131
CHLD 0 90.644531 1578582288.5381
MEM 56.722656 1578582288.6385
CHLD 0 90.644531 1578582288.6523
MEM 56.722656 1578582288.7528
CHLD 0 90.644531 1578582288.7677
MEM 56.722656 1578582288.8685
CHLD 0 90.644531 1578582288.8956
MEM 56.722656 1578582288.9961
CHLD 0 90.644531 1578582289.0087
MEM 56.722656 1578582289.1092
CHLD 0 90.644531 1578582289.1242
MEM 56.722656 1578582289.2246
CHLD 0 90.644531 1578582289.2392
MEM 56.722656 1578582289.3397
CHLD 0 90.644531 1578582289.3513
MEM 56.722656 1578582289.4518
CHLD 0 90.644531 1578582289.4651
MEM 56.722656 1578582289.5655
CHLD 0 90.644531 1578582289.5768
MEM 56.722656 1578582289.6772
CHLD 0 90.644531 1578582289.6933
MEM 56.722656 1578582289.7936
CHLD 0 90.644531 1578582289.8007
MEM 56.722656 1578582289.9017
CHLD 0 90.644531 1578582289.9293
MEM 56.722656 1578582290.0300
CHLD 0 90.644531 1578582290.0595
MEM 56.722656 1578582290.1598
CHLD 0 90.644531 1578582290.1662
MEM 56.722656 1578582290.2668
CHLD 0 90.644531 1578582290.2821
MEM 56.722656 1578582290.3827
CHLD 0 90.644531 1578582290.4094
MEM 56.722656 1578582290.5098
CHLD 0 90.644531 1578582290.5210
MEM 56.722656 1578582290.6213
CHLD 0 90.644531 1578582290.6282
MEM 56.722656 1578582290.7287
CHLD 0 90.644531 1578582290.7536
MEM 56.722656 1578582290.8543
CHLD 0 90.644531 1578582290.8800
MEM 56.722656 1578582290.9804
CHLD 0 90.644531 1578582290.9886
MEM 56.722656 1578582291.0889
CHLD 0 90.644531 1578582291.0947
MEM 56.722656 1578582291.1950
CHLD 0 90.644531 1578582291.2018
MEM 56.722656 1578582291.3021
CHLD 0 90.644531 1578582291.3083
MEM 56.722656 1578582291.4086
CHLD 0 90.644531 1578582291.4146
MEM 56.722656 1578582291.5148
CHLD 0 90.644531 1578582291.5204
MEM 56.722656 1578582291.6207
CHLD 0 90.644531 1578582291.6266
MEM 56.722656 1578582291.7269
CHLD 0 90.644531 1578582291.7372
MEM 56.722656 1578582291.8380
CHLD 0 90.644531 1578582291.8685
MEM 56.722656 1578582291.9691
CHLD 0 90.644531 1578582291.9901
MEM 56.722656 1578582292.0908
CHLD 0 90.644531 1578582292.1117
MEM 56.722656 1578582292.2122
CHLD 0 90.644531 1578582292.2240
MEM 56.722656 1578582292.3245
CHLD 0 90.644531 1578582292.3401
MEM 56.722656 1578582292.4404
CHLD 0 90.644531 1578582292.4501
MEM 56.722656 1578582292.5505
CHLD 0 90.644531 1578582292.5664
MEM 56.722656 1578582292.6670
CHLD 0 90.644531 1578582292.6870
MEM 56.722656 1578582292.7874
CHLD 0 90.644531 1578582292.7956
MEM 56.722656 1578582292.8963
CHLD 0 90.644531 1578582292.9216
MEM 56.722656 1578582293.0223
CHLD 0 90.644531 1578582293.0478
MEM 56.722656 1578582293.1486
CHLD 0 90.644531 1578582293.1751
MEM 56.722656 1578582293.2763
CHLD 0 90.644531 1578582293.2922
MEM 56.722656 1578582293.3930
CHLD 0 90.644531 1578582293.4196
MEM 56.722656 1578582293.5204
CHLD 0 90.644531 1578582293.5466
MEM 56.722656 1578582293.6477
CHLD 0 90.644531 1578582293.6673
MEM 65.664062 1578582293.7677
CHLD 0 90.859375 1578582293.7818
MEM 76.039062 1578582293.8821
CHLD 0 90.890625 1578582293.8923
MEM 76.296875 1578582293.9927
CHLD 0 90.890625 1578582294.0048
MEM 76.546875 1578582294.1055
CHLD 0 90.890625 1578582294.1368
MEM 76.546875 1578582294.2376
CHLD 0 90.890625 1578582294.2631
MEM 76.546875 1578582294.3637
CHLD 0 90.890625 1578582294.3744
MEM 76.546875 1578582294.4747
CHLD 0 90.890625 1578582294.4849
MEM 76.546875 1578582294.5853
CHLD 0 90.890625 1578582294.5948
MEM 76.546875 1578582294.6953
CHLD 0 90.890625 1578582294.7117
MEM 76.546875 1578582294.8121
CHLD 0 90.890625 1578582294.8196
MEM 76.546875 1578582294.9199
CHLD 0 90.890625 1578582294.9281
MEM 76.546875 1578582295.0284
CHLD 0 90.890625 1578582295.0366
MEM 76.546875 1578582295.1369
CHLD 0 90.890625 1578582295.1471
MEM 76.546875 1578582295.2476
CHLD 0 90.890625 1578582295.2562
MEM 76.546875 1578582295.3566
CHLD 0 90.890625 1578582295.3727
MEM 76.546875 1578582295.4732
CHLD 0 90.890625 1578582295.4855
MEM 76.546875 1578582295.5862
CHLD 0 90.890625 1578582295.6109
MEM 76.546875 1578582295.7118
CHLD 0 90.890625 1578582295.7381
MEM 76.546875 1578582295.8387
CHLD 0 90.890625 1578582295.8619
MEM 76.546875 1578582295.9623
CHLD 0 90.890625 1578582295.9719
MEM 76.546875 1578582296.0725
CHLD 0 90.890625 1578582296.0923
MEM 76.546875 1578582296.1929
CHLD 0 90.890625 1578582296.2122
MEM 76.546875 1578582296.3128
CHLD 0 90.890625 1578582296.3308
MEM 76.546875 1578582296.4315
CHLD 0 90.890625 1578582296.4520
MEM 76.546875 1578582296.5529
CHLD 0 90.890625 1578582296.5772
MEM 76.546875 1578582296.6777
CHLD 0 90.890625 1578582296.6998
MEM 76.546875 1578582296.8004
CHLD 0 90.890625 1578582296.8218
MEM 76.546875 1578582296.9224
CHLD 0 90.890625 1578582296.9416
MEM 76.546875 1578582297.0422
CHLD 0 90.890625 1578582297.0635
MEM 76.546875 1578582297.1641
CHLD 0 90.890625 1578582297.1825
MEM 76.546875 1578582297.2832
CHLD 0 90.890625 1578582297.3065
MEM 76.546875 1578582297.4071
CHLD 0 90.890625 1578582297.4226
MEM 76.546875 1578582297.5231
CHLD 0 90.890625 1578582297.5382
MEM 76.546875 1578582297.6391
CHLD 0 90.890625 1578582297.6534
MEM 76.546875 1578582297.7540
CHLD 0 90.890625 1578582297.7739
MEM 76.546875 1578582297.8744
CHLD 0 90.890625 1578582297.8890
MEM 76.546875 1578582297.9896
CHLD 0 90.890625 1578582298.0105
MEM 76.546875 1578582298.1111
CHLD 0 90.890625 1578582298.1304
MEM 76.546875 1578582298.2309
CHLD 0 90.890625 1578582298.2441
MEM 76.546875 1578582298.3446
CHLD 0 90.890625 1578582298.3601
MEM 76.546875 1578582298.4606
CHLD 0 90.890625 1578582298.4752
MEM 76.546875 1578582298.5762
CHLD 0 90.890625 1578582298.5923
MEM 76.546875 1578582298.6928
CHLD 0 90.890625 1578582298.7105
MEM 76.546875 1578582298.8110
CHLD 0 90.890625 1578582298.8274
MEM 76.546875 1578582298.9282
CHLD 0 90.890625 1578582298.9457
MEM 76.546875 1578582299.0462
CHLD 0 90.890625 1578582299.0629
MEM 76.546875 1578582299.1634
CHLD 0 90.890625 1578582299.1820
MEM 76.546875 1578582299.2825
CHLD 0 90.890625 1578582299.2925
MEM 76.546875 1578582299.3929
CHLD 0 90.890625 1578582299.4005
MEM 76.546875 1578582299.5009
CHLD 0 90.890625 1578582299.5139
MEM 76.546875 1578582299.6145
CHLD 0 90.890625 1578582299.6356
MEM 76.546875 1578582299.7362
CHLD 0 90.890625 1578582299.7595
MEM 76.546875 1578582299.8602
CHLD 0 90.890625 1578582299.8752
MEM 76.546875 1578582299.9760
CHLD 0 90.890625 1578582300.0029
MEM 76.546875 1578582300.1035
CHLD 0 90.890625 1578582300.1196
MEM 76.546875 1578582300.2201
CHLD 0 90.890625 1578582300.2375
MEM 76.546875 1578582300.3381
CHLD 0 90.890625 1578582300.3565
MEM 76.546875 1578582300.4571
CHLD 0 90.890625 1578582300.4753
MEM 76.546875 1578582300.5758
CHLD 0 90.890625 1578582300.5931
MEM 76.546875 1578582300.6937
CHLD 0 90.890625 1578582300.7102
MEM 76.546875 1578582300.8108
CHLD 0 90.890625 1578582300.8221
MEM 76.546875 1578582300.9227
CHLD 0 90.890625 1578582300.9418
MEM 76.546875 1578582301.0424
CHLD 0 90.890625 1578582301.0611
MEM 76.546875 1578582301.1615
CHLD 0 90.890625 1578582301.1749
MEM 76.546875 1578582301.2755
CHLD 0 90.890625 1578582301.2892
MEM 76.546875 1578582301.3896
CHLD 0 90.890625 1578582301.3977
MEM 76.546875 1578582301.4984
CHLD 0 90.890625 1578582301.5261
MEM 76.546875 1578582301.6267
CHLD 0 90.890625 1578582301.6455
MEM 76.546875 1578582301.7461
CHLD 0 90.890625 1578582301.7648
MEM 76.546875 1578582301.8656
CHLD 0 90.890625 1578582301.8957
MEM 76.546875 1578582301.9963
CHLD 0 90.890625 1578582302.0199
MEM 76.546875 1578582302.1205
CHLD 0 90.890625 1578582302.1414
MEM 76.546875 1578582302.2418
CHLD 0 90.890625 1578582302.2529
MEM 76.546875 1578582302.3534
CHLD 0 90.890625 1578582302.3678
MEM 76.546875 1578582302.4683
CHLD 0 90.890625 1578582302.4821
MEM 76.546875 1578582302.5826
CHLD 0 90.890625 1578582302.5960
MEM 76.546875 1578582302.6965
CHLD 0 90.890625 1578582302.7103
MEM 76.546875 1578582302.8107
CHLD 0 90.890625 1578582302.8246
MEM 76.546875 1578582302.9251
CHLD 0 90.890625 1578582302.9391
MEM 76.546875 1578582303.0397
CHLD 0 90.890625 1578582303.0547
MEM 76.546875 1578582303.1551
CHLD 0 90.890625 1578582303.1663
MEM 76.546875 1578582303.2667
CHLD 0 90.890625 1578582303.2785
MEM 76.546875 1578582303.3788
CHLD 0 90.890625 1578582303.3862
MEM 76.546875 1578582303.4865
CHLD 0 90.890625 1578582303.4949
MEM 76.546875 1578582303.5954
CHLD 0 90.890625 1578582303.6053
MEM 76.546875 1578582303.7057
CHLD 0 90.890625 1578582303.7138
MEM 76.546875 1578582303.8143
CHLD 0 90.890625 1578582303.8304
MEM 76.546875 1578582303.9309
CHLD 0 90.890625 1578582303.9440
MEM 76.546875 1578582304.0446
CHLD 0 90.890625 1578582304.0723
MEM 76.546875 1578582304.1733
CHLD 0 90.890625 1578582304.2006
MEM 76.546875 1578582304.3012
CHLD 0 90.890625 1578582304.3255
MEM 76.546875 1578582304.4260
CHLD 0 90.890625 1578582304.4418
MEM 76.546875 1578582304.5423
CHLD 0 90.890625 1578582304.5602
MEM 76.546875 1578582304.6607
CHLD 0 90.890625 1578582304.6765
MEM 76.546875 1578582304.7774
CHLD 0 90.890625 1578582304.8052
MEM 76.546875 1578582304.9059
CHLD 0 90.890625 1578582304.9141
MEM 76.546875 1578582305.0144
CHLD 0 90.890625 1578582305.0225
MEM 76.546875 1578582305.1232
CHLD 0 90.890625 1578582305.1483
MEM 76.546875 1578582305.2489
CHLD 0 90.890625 1578582305.2783
MEM 76.546875 1578582305.3788
CHLD 0 90.890625 1578582305.4009
MEM 76.546875 1578582305.5015
CHLD 0 90.890625 1578582305.5245
MEM 76.546875 1578582305.6251
CHLD 0 90.890625 1578582305.6457
MEM 76.546875 1578582305.7462
CHLD 0 90.890625 1578582305.7668
MEM 76.546875 1578582305.8675
CHLD 0 90.890625 1578582305.8883
MEM 76.546875 1578582305.9889
CHLD 0 90.890625 1578582306.0114
MEM 76.546875 1578582306.1120
CHLD 0 90.890625 1578582306.1313
MEM 76.546875 1578582306.2319
CHLD 0 90.890625 1578582306.2504
MEM 76.546875 1578582306.3512
CHLD 0 90.890625 1578582306.3762
MEM 76.546875 1578582306.4765
CHLD 0 90.890625 1578582306.4837
MEM 76.546875 1578582306.5840
CHLD 0 90.890625 1578582306.5931
MEM 76.546875 1578582306.6935
CHLD 0 90.890625 1578582306.7071
MEM 76.546875 1578582306.8078
CHLD 0 90.890625 1578582306.8222
MEM 76.546875 1578582306.9227
CHLD 0 90.890625 1578582306.9390
MEM 76.546875 1578582307.0396
CHLD 0 90.890625 1578582307.0565
MEM 76.546875 1578582307.1571
CHLD 0 90.890625 1578582307.1778
MEM 76.546875 1578582307.2786
CHLD 0 90.890625 1578582307.3003
MEM 76.546875 1578582307.4009
CHLD 0 90.890625 1578582307.4237
MEM 76.546875 1578582307.5244
CHLD 0 90.890625 1578582307.5408
MEM 76.546875 1578582307.6414
CHLD 0 90.890625 1578582307.6617
MEM 76.546875 1578582307.7621
CHLD 0 90.890625 1578582307.7699
MEM 76.546875 1578582307.8705
CHLD 0 90.890625 1578582307.8909
MEM 76.546875 1578582307.9915
CHLD 0 90.890625 1578582308.0066
MEM 76.546875 1578582308.1074
CHLD 0 90.890625 1578582308.1383
MEM 76.546875 1578582308.2390
CHLD 0 90.890625 1578582308.2588
MEM 76.546875 1578582308.3596
CHLD 0 90.890625 1578582308.3825
MEM 76.546875 1578582308.4831
CHLD 0 90.890625 1578582308.5034
MEM 76.546875 1578582308.6039
CHLD 0 90.890625 1578582308.6185
MEM 76.546875 1578582308.7191
CHLD 0 90.890625 1578582308.7397
MEM 76.546875 1578582308.8403
CHLD 0 90.890625 1578582308.8597
MEM 76.546875 1578582308.9603
CHLD 0 90.890625 1578582308.9812
MEM 76.546875 1578582309.0817
CHLD 0 90.890625 1578582309.1019
MEM 76.546875 1578582309.2023
CHLD 0 90.890625 1578582309.2114
MEM 76.546875 1578582309.3123
CHLD 0 90.890625 1578582309.3430
MEM 76.546875 1578582309.4437
CHLD 0 90.890625 1578582309.4642
MEM 76.546875 1578582309.5650
CHLD 0 90.890625 1578582309.5877
MEM 76.546875 1578582309.6881
CHLD 0 90.890625 1578582309.7007
MEM 76.546875 1578582309.8011
CHLD 0 90.890625 1578582309.8162
MEM 76.546875 1578582309.9166
CHLD 0 90.890625 1578582309.9290
MEM 76.546875 1578582310.0296
CHLD 0 90.890625 1578582310.0516
MEM 76.546875 1578582310.1523
CHLD 0 90.890625 1578582310.1774
MEM 76.546875 1578582310.2782
CHLD 0 90.890625 1578582310.3054
MEM 76.546875 1578582310.4062
CHLD 0 90.890625 1578582310.4312
MEM 76.546875 1578582310.5320
CHLD 0 90.890625 1578582310.5623
MEM 76.546875 1578582310.6628
CHLD 0 90.890625 1578582310.6824
MEM 76.546875 1578582310.7830
CHLD 0 90.890625 1578582310.8003
MEM 76.546875 1578582310.9009
CHLD 0 90.890625 1578582310.9181
MEM 76.546875 1578582311.0186
CHLD 0 90.890625 1578582311.0358
MEM 76.546875 1578582311.1363
CHLD 0 90.890625 1578582311.1535
MEM 76.546875 1578582311.2538
CHLD 0 90.890625 1578582311.2608
MEM 76.546875 1578582311.3611
CHLD 0 90.890625 1578582311.3686
MEM 76.546875 1578582311.4694
CHLD 0 90.890625 1578582311.4958
MEM 76.546875 1578582311.5966
CHLD 0 90.890625 1578582311.6145
MEM 76.546875 1578582311.7150
CHLD 0 90.890625 1578582311.7356
MEM 76.546875 1578582311.8359
CHLD 0 90.890625 1578582311.8444
MEM 76.546875 1578582311.9450
CHLD 0 90.890625 1578582311.9623
MEM 76.546875 1578582312.0631
CHLD 0 90.890625 1578582312.0864
MEM 76.546875 1578582312.1870
CHLD 0 90.890625 1578582312.2094
MEM 76.546875 1578582312.3103
CHLD 0 90.890625 1578582312.3330
MEM 76.546875 1578582312.4335
CHLD 0 90.890625 1578582312.4544
MEM 76.546875 1578582312.5550
CHLD 0 90.890625 1578582312.5728
MEM 76.546875 1578582312.6731
CHLD 0 90.890625 1578582312.6820
MEM 76.546875 1578582312.7829
CHLD 0 90.890625 1578582312.8089
MEM 76.546875 1578582312.9092
CHLD 0 90.890625 1578582312.9177
MEM 76.546875 1578582313.0180
CHLD 0 90.890625 1578582313.0257
MEM 76.546875 1578582313.1260
CHLD 0 90.890625 1578582313.1365
MEM 76.546875 1578582313.2372
CHLD 0 90.890625 1578582313.2636
MEM 76.546875 1578582313.3640
CHLD 0 90.890625 1578582313.3723
MEM 76.546875 1578582313.4730
CHLD 0 90.890625 1578582313.5019
MEM 76.546875 1578582313.6026
CHLD 0 90.890625 1578582313.6300
MEM 76.546875 1578582313.7308
CHLD 0 90.890625 1578582313.7572
MEM 76.546875 1578582313.8578
CHLD 0 90.890625 1578582313.8854
MEM 76.546875 1578582313.9864
CHLD 0 90.890625 1578582314.0007
MEM 76.546875 1578582314.1015
CHLD 0 90.890625 1578582314.1303
MEM 76.546875 1578582314.2307
CHLD 0 90.890625 1578582314.2433
MEM 76.546875 1578582314.3438
CHLD 0 90.890625 1578582314.3669
MEM 76.546875 1578582314.4675
CHLD 0 90.890625 1578582314.4868
MEM 76.546875 1578582314.5872
CHLD 0 90.890625 1578582314.6021
MEM 76.546875 1578582314.7026
CHLD 0 90.890625 1578582314.7174
MEM 76.546875 1578582314.8181
CHLD 0 90.890625 1578582314.8355
MEM 76.546875 1578582314.9361
CHLD 0 90.890625 1578582314.9543
MEM 76.546875 1578582315.0550
CHLD 0 90.890625 1578582315.0711
MEM 76.546875 1578582315.1716
CHLD 0 90.890625 1578582315.1880
MEM 76.546875 1578582315.2886
CHLD 0 90.890625 1578582315.3032
MEM 76.546875 1578582315.4037
CHLD 0 90.890625 1578582315.4188
MEM 76.546875 1578582315.5192
CHLD 0 90.890625 1578582315.5268
MEM 76.546875 1578582315.6276
CHLD 0 90.890625 1578582315.6536
MEM 76.546875 1578582315.7544
CHLD 0 90.890625 1578582315.7806
MEM 76.546875 1578582315.8812
CHLD 0 90.890625 1578582315.8975
MEM 76.546875 1578582315.9980
CHLD 0 90.890625 1578582316.0142
MEM 76.546875 1578582316.1148
CHLD 0 90.890625 1578582316.1307
MEM 76.546875 1578582316.2312
CHLD 0 90.890625 1578582316.2470
MEM 76.546875 1578582316.3475
CHLD 0 90.890625 1578582316.3602
MEM 76.546875 1578582316.4607
CHLD 0 90.890625 1578582316.4729
MEM 76.546875 1578582316.5734
CHLD 0 90.890625 1578582316.5860
MEM 76.546875 1578582316.6864
CHLD 0 90.890625 1578582316.6989
MEM 76.546875 1578582316.7994
CHLD 0 90.890625 1578582316.8144
MEM 76.546875 1578582316.9148
CHLD 0 90.890625 1578582316.9239
MEM 76.546875 1578582317.0242
CHLD 0 90.890625 1578582317.0316
MEM 76.546875 1578582317.1319
CHLD 0 90.890625 1578582317.1390
MEM 76.546875 1578582317.2393
CHLD 0 90.890625 1578582317.2464
MEM 76.546875 1578582317.3467
CHLD 0 90.890625 1578582317.3550
MEM 76.546875 1578582317.4556
CHLD 0 90.890625 1578582317.4737
MEM 76.546875 1578582317.5742
CHLD 0 90.890625 1578582317.5923
MEM 76.546875 1578582317.6929
CHLD 0 90.890625 1578582317.7115
MEM 76.546875 1578582317.8122
CHLD 0 90.890625 1578582317.8345
MEM 76.546875 1578582317.9359
CHLD 0 90.890625 1578582317.9567
MEM 76.546875 1578582318.0572
CHLD 0 90.890625 1578582318.0725
MEM 76.546875 1578582318.1729
CHLD 0 90.890625 1578582318.1806
MEM 76.546875 1578582318.2810
CHLD 0 90.890625 1578582318.2935
MEM 76.546875 1578582318.3941
CHLD 0 90.890625 1578582318.4098
MEM 76.546875 1578582318.5104
CHLD 0 90.890625 1578582318.5262
MEM 76.546875 1578582318.6267
CHLD 0 90.890625 1578582318.6434
MEM 76.546875 1578582318.7440
CHLD 0 90.890625 1578582318.7616
MEM 76.546875 1578582318.8621
CHLD 0 90.890625 1578582318.8788
MEM 76.546875 1578582318.9794
CHLD 0 90.890625 1578582318.9962
MEM 76.546875 1578582319.0967
CHLD 0 90.890625 1578582319.1135
MEM 76.546875 1578582319.2138
CHLD 0 90.890625 1578582319.2213
MEM 76.546875 1578582319.3218
CHLD 0 90.890625 1578582319.3372
MEM 76.546875 1578582319.4380
CHLD 0 90.890625 1578582319.4645
MEM 76.546875 1578582319.5650
CHLD 0 90.890625 1578582319.5783
MEM 76.546875 1578582319.6788
CHLD 0 90.890625 1578582319.6943
MEM 76.546875 1578582319.7948
CHLD 0 90.890625 1578582319.8105
MEM 76.546875 1578582319.9110
CHLD 0 90.890625 1578582319.9269
MEM 76.546875 1578582320.0277
CHLD 0 90.890625 1578582320.0492
MEM 76.546875 1578582320.1498
CHLD 0 90.890625 1578582320.1707
MEM 76.546875 1578582320.2710
CHLD 0 90.890625 1578582320.2800
MEM 76.546875 1578582320.3806
CHLD 0 90.890625 1578582320.4057
MEM 76.546875 1578582320.5063
CHLD 0 90.890625 1578582320.5365
MEM 76.546875 1578582320.6372
CHLD 0 90.890625 1578582320.6589
MEM 76.546875 1578582320.7597
CHLD 0 90.890625 1578582320.7891
MEM 76.546875 1578582320.8896
CHLD 0 90.890625 1578582320.9012
MEM 76.546875 1578582321.0015
CHLD 0 90.890625 1578582321.0098
MEM 76.546875 1578582321.1106
CHLD 0 90.890625 1578582321.1385
MEM 76.546875 1578582321.2391
CHLD 0 90.890625 1578582321.2569
MEM 76.546875 1578582321.3574
CHLD 0 90.890625 1578582321.3756
MEM 76.546875 1578582321.4761
CHLD 0 90.890625 1578582321.4943
MEM 76.546875 1578582321.5949
CHLD 0 90.890625 1578582321.6126
MEM 76.546875 1578582321.7132
CHLD 0 90.890625 1578582321.7278
MEM 76.546875 1578582321.8282
CHLD 0 90.890625 1578582321.8388
MEM 76.546875 1578582321.9396
CHLD 0 90.890625 1578582321.9684
MEM 76.546875 1578582322.0689
CHLD 0 90.890625 1578582322.0881
MEM 76.546875 1578582322.1890
CHLD 0 90.890625 1578582322.2116
MEM 76.546875 1578582322.3123
CHLD 0 90.890625 1578582322.3385
MEM 76.546875 1578582322.4389
CHLD 0 90.890625 1578582322.4469
MEM 76.546875 1578582322.5472
CHLD 0 90.890625 1578582322.5542
MEM 76.546875 1578582322.6545
CHLD 0 90.890625 1578582322.6626
MEM 76.546875 1578582322.7630
CHLD 0 90.890625 1578582322.7769
MEM 76.546875 1578582322.8774
CHLD 0 90.890625 1578582322.8913
MEM 76.546875 1578582322.9918
CHLD 0 90.890625 1578582323.0088
MEM 76.546875 1578582323.1098
CHLD 0 90.890625 1578582323.1270
MEM 76.546875 1578582323.2278
CHLD 0 90.890625 1578582323.2449
MEM 76.546875 1578582323.3457
CHLD 0 90.890625 1578582323.3628
MEM 76.546875 1578582323.4635
CHLD 0 90.890625 1578582323.4804
MEM 76.546875 1578582323.5812
CHLD 0 90.890625 1578582323.6073
MEM 76.546875 1578582323.7078
CHLD 0 90.890625 1578582323.7207
MEM 76.546875 1578582323.8211
CHLD 0 90.890625 1578582323.8342
MEM 76.546875 1578582323.9347
CHLD 0 90.890625 1578582323.9522
MEM 76.546875 1578582324.0527
CHLD 0 90.890625 1578582324.0695
MEM 76.546875 1578582324.1701
CHLD 0 90.890625 1578582324.1966
MEM 76.546875 1578582324.2974
CHLD 0 90.890625 1578582324.3244
MEM 76.546875 1578582324.4249
CHLD 0 90.890625 1578582324.4383
MEM 76.546875 1578582324.5387
CHLD 0 90.890625 1578582324.5517
MEM 76.546875 1578582324.6521
CHLD 0 90.890625 1578582324.6689
MEM 76.546875 1578582324.7700
CHLD 0 90.890625 1578582324.7939
MEM 76.546875 1578582324.8947
CHLD 0 90.890625 1578582324.9262
MEM 76.546875 1578582325.0267
CHLD 0 90.890625 1578582325.0422
MEM 76.546875 1578582325.1427
CHLD 0 90.890625 1578582325.1566
MEM 76.546875 1578582325.2569
CHLD 0 90.890625 1578582325.2639
MEM 76.546875 1578582325.3647
CHLD 0 90.890625 1578582325.3914
MEM 76.546875 1578582325.4920
CHLD 0 90.890625 1578582325.5089
MEM 76.546875 1578582325.6097
CHLD 0 90.890625 1578582325.6267
MEM 76.546875 1578582325.7271
CHLD 0 90.890625 1578582325.7376
MEM 76.546875 1578582325.8382
CHLD 0 90.890625 1578582325.8566
MEM 76.546875 1578582325.9571
CHLD 0 90.890625 1578582325.9762
MEM 76.546875 1578582326.0768
CHLD 0 90.890625 1578582326.0978
MEM 76.546875 1578582326.1984
CHLD 0 90.890625 1578582326.2176
MEM 76.546875 1578582326.3182
CHLD 0 90.890625 1578582326.3365
MEM 76.546875 1578582326.4370
CHLD 0 90.890625 1578582326.4557
MEM 76.546875 1578582326.5564
CHLD 0 90.890625 1578582326.5861
MEM 76.546875 1578582326.6870
CHLD 0 90.890625 1578582326.7063
MEM 76.546875 1578582326.8068
CHLD 0 90.890625 1578582326.8239
MEM 76.546875 1578582326.9245
CHLD 0 90.890625 1578582326.9483
MEM 76.546875 1578582327.0491
CHLD 0 90.890625 1578582327.0777
MEM 76.546875 1578582327.1785
CHLD 0 90.890625 1578582327.2102
MEM 76.546875 1578582327.3108
CHLD 0 90.890625 1578582327.3332
MEM 76.546875 1578582327.4340
CHLD 0 90.890625 1578582327.4616
MEM 76.546875 1578582327.5621
CHLD 0 90.890625 1578582327.5805
MEM 76.546875 1578582327.6813
CHLD 0 90.890625 1578582327.7112
MEM 76.546875 1578582327.8118
CHLD 0 90.890625 1578582327.8368
MEM 76.546875 1578582327.9373
CHLD 0 90.890625 1578582327.9529
MEM 76.546875 1578582328.0534
CHLD 0 90.890625 1578582328.0760
MEM 76.546875 1578582328.1767
CHLD 0 90.890625 1578582328.2064
MEM 76.546875 1578582328.3070
CHLD 0 90.890625 1578582328.3272
MEM 76.546875 1578582328.4277
CHLD 0 90.890625 1578582328.4498
MEM 76.546875 1578582328.5504
CHLD 0 90.890625 1578582328.5731
MEM 76.546875 1578582328.6737
CHLD 0 90.890625 1578582328.6934
MEM 76.546875 1578582328.7942
CHLD 0 90.890625 1578582328.8202
MEM 76.546875 1578582328.9209
CHLD 0 90.890625 1578582328.9437
MEM 76.546875 1578582329.0444
CHLD 0 90.890625 1578582329.0762
MEM 76.546875 1578582329.1768
CHLD 0 90.890625 1578582329.1958
MEM 76.546875 1578582329.2962
CHLD 0 90.890625 1578582329.3046
MEM 76.546875 1578582329.4050
CHLD 0 90.890625 1578582329.4181
MEM 76.546875 1578582329.5186
CHLD 0 90.890625 1578582329.5324
MEM 76.546875 1578582329.6328
CHLD 0 90.890625 1578582329.6421
MEM 76.546875 1578582329.7425
CHLD 0 90.890625 1578582329.7526
MEM 76.546875 1578582329.8530
CHLD 0 90.890625 1578582329.8630
MEM 76.546875 1578582329.9634
CHLD 0 90.890625 1578582329.9742
MEM 76.546875 1578582330.0746
CHLD 0 90.890625 1578582330.0833
MEM 76.546875 1578582330.1837
CHLD 0 90.890625 1578582330.1953
MEM 76.546875 1578582330.2960
CHLD 0 90.890625 1578582330.3220
MEM 76.546875 1578582330.4227
CHLD 0 90.890625 1578582330.4480
MEM 76.546875 1578582330.5485
CHLD 0 90.890625 1578582330.5655
MEM 76.546875 1578582330.6659
CHLD 0 90.890625 1578582330.6747
MEM 76.546875 1578582330.7754
CHLD 0 90.890625 1578582330.7986
MEM 76.546875 1578582330.8997
CHLD 0 90.890625 1578582330.9148
MEM 76.546875 1578582331.0160
CHLD 0 90.890625 1578582331.0341
MEM 76.546875 1578582331.1346
CHLD 0 90.890625 1578582331.1529
MEM 76.546875 1578582331.2539
CHLD 0 90.890625 1578582331.2806
MEM 76.546875 1578582331.3813
CHLD 0 90.890625 1578582331.4104
MEM 76.546875 1578582331.5112
CHLD 0 90.890625 1578582331.5417
MEM 76.546875 1578582331.6423
CHLD 0 90.890625 1578582331.6491
MEM 76.546875 1578582331.7499
CHLD 0 90.890625 1578582331.7789
MEM 76.546875 1578582331.8797
CHLD 0 90.890625 1578582331.9057
MEM 76.546875 1578582332.0062
CHLD 0 90.890625 1578582332.0233
MEM 76.546875 1578582332.1240
CHLD 0 90.890625 1578582332.1476
MEM 76.546875 1578582332.2481
CHLD 0 90.890625 1578582332.2767
MEM 76.546875 1578582332.3773
CHLD 0 90.890625 1578582332.3958
MEM 76.546875 1578582332.4963
CHLD 0 90.890625 1578582332.5178
MEM 76.546875 1578582332.6183
CHLD 0 90.890625 1578582332.6355
MEM 76.546875 1578582332.7360
CHLD 0 90.890625 1578582332.7529
MEM 76.546875 1578582332.8536
CHLD 0 90.890625 1578582332.8752
MEM 76.546875 1578582332.9756
CHLD 0 90.890625 1578582332.9873
MEM 76.546875 1578582333.0879
CHLD 0 90.890625 1578582333.1028
MEM 76.546875 1578582333.2033
CHLD 0 90.890625 1578582333.2141
MEM 76.546875 1578582333.3150
CHLD 0 90.890625 1578582333.3468
MEM 76.546875 1578582333.4477
CHLD 0 90.890625 1578582333.4801
MEM 76.546875 1578582333.5808
CHLD 0 90.890625 1578582333.6166
MEM 76.546875 1578582333.7173
CHLD 0 90.890625 1578582333.7442
MEM 76.546875 1578582333.8449
CHLD 0 90.890625 1578582333.8695
MEM 76.546875 1578582333.9703
CHLD 0 90.890625 1578582334.0004
MEM 76.546875 1578582334.1009
CHLD 0 90.890625 1578582334.1141
MEM 76.546875 1578582334.2146
CHLD 0 90.890625 1578582334.2286
MEM 76.546875 1578582334.3290
CHLD 0 90.890625 1578582334.3427
MEM 76.546875 1578582334.4432
CHLD 0 90.890625 1578582334.4601
MEM 76.546875 1578582334.5606
CHLD 0 90.890625 1578582334.5760
MEM 76.546875 1578582334.6765
CHLD 0 90.890625 1578582334.6937
MEM 76.546875 1578582334.7942
CHLD 0 90.890625 1578582334.8111
MEM 76.546875 1578582334.9118
CHLD 0 90.890625 1578582334.9349
MEM 76.546875 1578582335.0356
CHLD 0 90.890625 1578582335.0585
MEM 76.546875 1578582335.1592
CHLD 0 90.890625 1578582335.1746
MEM 76.546875 1578582335.2750
CHLD 0 90.890625 1578582335.2901
MEM 76.546875 1578582335.3906
CHLD 0 90.890625 1578582335.4076
MEM 76.546875 1578582335.5081
CHLD 0 90.890625 1578582335.5256
MEM 76.546875 1578582335.6261
CHLD 0 90.890625 1578582335.6433
MEM 76.546875 1578582335.7438
CHLD 0 90.890625 1578582335.7610
MEM 76.546875 1578582335.8615
CHLD 0 90.890625 1578582335.8785
MEM 76.546875 1578582335.9791
CHLD 0 90.890625 1578582335.9967
MEM 76.546875 1578582336.0972
CHLD 0 90.890625 1578582336.1153
MEM 76.546875 1578582336.2158
CHLD 0 90.890625 1578582336.2329
MEM 76.546875 1578582336.3334
CHLD 0 90.890625 1578582336.3508
MEM 76.546875 1578582336.4514
CHLD 0 90.890625 1578582336.4685
MEM 76.546875 1578582336.5690
CHLD 0 90.890625 1578582336.5899
MEM 76.546875 1578582336.6903
CHLD 0 90.890625 1578582336.7053
MEM 76.546875 1578582336.8056
CHLD 0 90.890625 1578582336.8134
MEM 76.546875 1578582336.9138
CHLD 0 90.890625 1578582336.9309
MEM 76.546875 1578582337.0313
CHLD 0 90.890625 1578582337.0387
MEM 77.601562 1578582337.1392
CHLD 0 90.890625 1578582337.1586
MEM 77.601562 1578582337.2596
CHLD 0 90.890625 1578582337.2900
MEM 77.601562 1578582337.3908
CHLD 0 90.890625 1578582337.4214
MEM 77.601562 1578582337.5222
CHLD 0 90.890625 1578582337.5523
MEM 77.601562 1578582337.6532
CHLD 0 90.890625 1578582337.6716
MEM 77.601562 1578582337.7721
CHLD 0 90.890625 1578582337.7879
MEM 77.601562 1578582337.8887
CHLD 0 90.890625 1578582337.9144
MEM 77.601562 1578582338.0148
CHLD 0 90.890625 1578582338.0233
MEM 77.601562 1578582338.1241
CHLD 0 90.890625 1578582338.1519
MEM 77.601562 1578582338.2525
CHLD 0 90.890625 1578582338.2696
MEM 77.601562 1578582338.3701
CHLD 0 90.890625 1578582338.3898
MEM 77.601562 1578582338.4901
CHLD 0 90.890625 1578582338.5017
MEM 77.601562 1578582338.6021
CHLD 0 90.890625 1578582338.6091
MEM 77.601562 1578582338.7095
CHLD 0 90.890625 1578582338.7178
MEM 77.601562 1578582338.8183
CHLD 0 90.890625 1578582338.8376
MEM 77.601562 1578582338.9380
CHLD 0 90.890625 1578582338.9486
MEM 77.601562 1578582339.0489
CHLD 0 90.890625 1578582339.0549
MEM 77.601562 1578582339.1552
CHLD 0 90.890625 1578582339.1631
MEM 77.601562 1578582339.2637
CHLD 0 90.890625 1578582339.2848
MEM 76.050781 1578582339.3857
CHLD 0 90.890625 1578582339.3974
MEM 76.050781 1578582339.4981
CHLD 0 90.949219 1578582339.5084
MEM 76.050781 1578582339.6087
CHLD 0 90.683594 1578582339.6159
MEM 76.050781 1578582339.7163
CHLD 0 90.683594 1578582339.7247
MEM 76.050781 1578582339.8251
CHLD 0 90.328125 1578582339.8323
MEM 76.050781 1578582339.9326
CHLD 0 90.328125 1578582339.9407
MEM 76.050781 1578582340.0411
CHLD 0 90.328125 1578582340.0479
MEM 76.050781 1578582340.1483
CHLD 0 90.328125 1578582340.1559
MEM 76.058594 1578582340.2563
