CMDLINE /usr/bin/python3 main.py
MEM 3.640625 1578586738.0640
MEM 20.195312 1578586738.1727
MEM 27.941406 1578586738.2844
MEM 56.964844 1578586738.3980
CHLD 0 38.214844 1578586738.4125
MEM 57.000000 1578586738.5128
CHLD 0 81.496094 1578586738.5247
MEM 57.000000 1578586738.6254
CHLD 0 81.496094 1578586738.6330
MEM 57.000000 1578586738.7336
CHLD 0 81.496094 1578586738.7585
MEM 57.000000 1578586738.8596
CHLD 0 81.496094 1578586738.8882
MEM 57.000000 1578586738.9891
CHLD 0 81.496094 1578586739.0205
MEM 57.000000 1578586739.1209
CHLD 0 81.496094 1578586739.1268
MEM 57.000000 1578586739.2278
CHLD 0 81.496094 1578586739.2550
MEM 57.000000 1578586739.3560
CHLD 0 81.496094 1578586739.3840
MEM 57.000000 1578586739.4848
CHLD 0 81.496094 1578586739.5123
MEM 57.000000 1578586739.6132
CHLD 0 81.496094 1578586739.6402
MEM 57.000000 1578586739.7409
CHLD 0 81.496094 1578586739.7677
MEM 57.000000 1578586739.8683
CHLD 0 82.433594 1578586739.8823
MEM 57.000000 1578586739.9830
CHLD 0 82.433594 1578586740.0158
MEM 57.000000 1578586740.1162
CHLD 0 82.433594 1578586740.1238
MEM 57.000000 1578586740.2246
CHLD 0 82.433594 1578586740.2520
MEM 57.000000 1578586740.3527
CHLD 0 82.433594 1578586740.3769
MEM 57.000000 1578586740.4777
CHLD 0 82.433594 1578586740.5065
MEM 57.000000 1578586740.6073
CHLD 0 82.433594 1578586740.6334
MEM 57.000000 1578586740.7341
CHLD 0 82.433594 1578586740.7655
MEM 57.000000 1578586740.8662
CHLD 0 82.433594 1578586740.8951
MEM 57.000000 1578586740.9959
CHLD 0 82.433594 1578586741.0225
MEM 57.000000 1578586741.1232
CHLD 0 82.433594 1578586741.1508
MEM 57.000000 1578586741.2511
CHLD 0 82.433594 1578586741.2618
MEM 57.000000 1578586741.3626
CHLD 0 82.433594 1578586741.3908
MEM 57.000000 1578586741.4916
CHLD 0 82.433594 1578586741.5202
MEM 57.000000 1578586741.6205
CHLD 0 82.433594 1578586741.6274
MEM 57.000000 1578586741.7278
CHLD 0 82.433594 1578586741.7362
MEM 57.000000 1578586741.8365
CHLD 0 82.433594 1578586741.8442
MEM 57.000000 1578586741.9447
CHLD 0 82.433594 1578586741.9539
MEM 57.000000 1578586742.0548
CHLD 0 82.433594 1578586742.0832
MEM 57.000000 1578586742.1840
CHLD 0 82.433594 1578586742.2115
MEM 57.000000 1578586742.3118
CHLD 0 82.433594 1578586742.3199
MEM 57.000000 1578586742.4208
CHLD 0 82.433594 1578586742.4435
MEM 57.000000 1578586742.5480
CHLD 0 82.433594 1578586742.5709
MEM 57.000000 1578586742.6712
CHLD 0 82.433594 1578586742.6805
MEM 57.000000 1578586742.7808
CHLD 0 82.433594 1578586742.7897
MEM 57.000000 1578586742.8904
CHLD 0 82.433594 1578586742.9176
MEM 57.000000 1578586743.0185
CHLD 0 86.593750 1578586743.0449
MEM 57.000000 1578586743.1458
CHLD 0 86.593750 1578586743.1740
MEM 57.000000 1578586743.2747
CHLD 0 86.593750 1578586743.3012
MEM 57.000000 1578586743.4020
CHLD 0 86.593750 1578586743.4351
MEM 57.000000 1578586743.5355
CHLD 0 86.593750 1578586743.5431
MEM 57.000000 1578586743.6436
CHLD 0 86.593750 1578586743.6546
MEM 57.000000 1578586743.7550
CHLD 0 86.593750 1578586743.7679
MEM 57.000000 1578586743.8687
CHLD 0 86.593750 1578586743.8955
MEM 57.000000 1578586743.9962
CHLD 0 86.593750 1578586744.0231
MEM 57.000000 1578586744.1238
CHLD 0 86.593750 1578586744.1503
MEM 57.000000 1578586744.2513
CHLD 0 86.593750 1578586744.2783
MEM 57.000000 1578586744.3790
CHLD 0 86.593750 1578586744.4058
MEM 57.000000 1578586744.5066
CHLD 0 86.593750 1578586744.5336
MEM 57.000000 1578586744.6343
CHLD 0 86.593750 1578586744.6609
MEM 57.000000 1578586744.7614
CHLD 0 86.593750 1578586744.7725
MEM 57.000000 1578586744.8733
CHLD 0 86.593750 1578586744.8983
MEM 57.000000 1578586744.9990
CHLD 0 86.593750 1578586745.0239
MEM 57.000000 1578586745.1243
CHLD 0 86.593750 1578586745.1359
MEM 57.000000 1578586745.2364
CHLD 0 86.593750 1578586745.2551
MEM 57.000000 1578586745.3560
CHLD 0 86.593750 1578586745.3846
MEM 57.000000 1578586745.4850
CHLD 0 86.593750 1578586745.4926
MEM 57.000000 1578586745.5929
CHLD 0 86.593750 1578586745.6005
MEM 57.000000 1578586745.7013
CHLD 0 86.593750 1578586745.7281
MEM 57.000000 1578586745.8286
CHLD 0 86.593750 1578586745.8534
MEM 57.000000 1578586745.9541
CHLD 0 86.593750 1578586745.9816
MEM 57.000000 1578586746.0823
CHLD 0 86.593750 1578586746.1095
MEM 57.000000 1578586746.2101
CHLD 0 86.593750 1578586746.2389
MEM 57.000000 1578586746.3396
CHLD 0 86.593750 1578586746.3630
MEM 57.000000 1578586746.4638
CHLD 0 86.593750 1578586746.4926
MEM 57.000000 1578586746.5933
CHLD 0 86.593750 1578586746.6209
MEM 57.000000 1578586746.7217
CHLD 0 86.593750 1578586746.7504
MEM 57.000000 1578586746.8512
CHLD 0 86.593750 1578586746.8786
MEM 57.000000 1578586746.9793
CHLD 0 86.593750 1578586747.0058
MEM 57.000000 1578586747.1065
CHLD 0 86.593750 1578586747.1326
MEM 57.000000 1578586747.2333
CHLD 0 86.593750 1578586747.2596
MEM 57.000000 1578586747.3600
CHLD 0 86.593750 1578586747.3695
MEM 57.000000 1578586747.4701
CHLD 0 89.386719 1578586747.4919
MEM 57.000000 1578586747.5923
CHLD 0 89.718750 1578586747.6028
MEM 57.000000 1578586747.7034
CHLD 0 89.718750 1578586747.7234
MEM 57.000000 1578586747.8238
CHLD 0 89.718750 1578586747.8348
MEM 57.000000 1578586747.9355
CHLD 0 89.718750 1578586747.9564
MEM 57.000000 1578586748.0570
CHLD 0 89.718750 1578586748.0781
MEM 57.000000 1578586748.1787
CHLD 0 89.718750 1578586748.2003
MEM 57.000000 1578586748.3009
CHLD 0 89.718750 1578586748.3272
MEM 57.000000 1578586748.4277
CHLD 0 89.718750 1578586748.4477
MEM 57.000000 1578586748.5482
CHLD 0 89.718750 1578586748.5709
MEM 57.000000 1578586748.6716
CHLD 0 89.718750 1578586748.6946
MEM 57.000000 1578586748.7953
CHLD 0 89.718750 1578586748.8221
MEM 57.000000 1578586748.9226
CHLD 0 89.718750 1578586748.9416
MEM 57.000000 1578586749.0422
CHLD 0 89.718750 1578586749.0627
MEM 57.000000 1578586749.1634
CHLD 0 89.718750 1578586749.1866
MEM 57.000000 1578586749.2874
CHLD 0 89.718750 1578586749.3153
MEM 57.000000 1578586749.4156
CHLD 0 89.718750 1578586749.4261
MEM 57.000000 1578586749.5265
CHLD 0 89.718750 1578586749.5400
MEM 57.000000 1578586749.6406
CHLD 0 89.718750 1578586749.6617
MEM 57.000000 1578586749.7621
CHLD 0 89.718750 1578586749.7717
MEM 57.000000 1578586749.8721
CHLD 0 89.718750 1578586749.8806
MEM 57.000000 1578586749.9812
CHLD 0 89.718750 1578586750.0048
MEM 57.000000 1578586750.1054
CHLD 0 89.718750 1578586750.1217
MEM 57.000000 1578586750.2222
CHLD 0 89.718750 1578586750.2405
MEM 57.000000 1578586750.3412
CHLD 0 89.718750 1578586750.3678
MEM 57.000000 1578586750.4684
CHLD 0 89.718750 1578586750.4842
MEM 57.000000 1578586750.5849
CHLD 0 89.718750 1578586750.6113
MEM 57.000000 1578586750.7121
CHLD 0 89.718750 1578586750.7386
MEM 57.000000 1578586750.8394
CHLD 0 89.718750 1578586750.8663
MEM 57.000000 1578586750.9670
CHLD 0 89.718750 1578586750.9940
MEM 57.000000 1578586751.0947
CHLD 0 89.718750 1578586751.1218
MEM 57.000000 1578586751.2226
CHLD 0 89.718750 1578586751.2491
MEM 57.000000 1578586751.3499
CHLD 0 89.718750 1578586751.3763
MEM 57.000000 1578586751.4767
CHLD 0 89.718750 1578586751.4852
MEM 57.000000 1578586751.5861
CHLD 0 89.718750 1578586751.6160
MEM 57.000000 1578586751.7165
CHLD 0 89.718750 1578586751.7319
MEM 57.000000 1578586751.8324
CHLD 0 89.718750 1578586751.8524
MEM 57.000000 1578586751.9528
CHLD 0 89.718750 1578586751.9614
MEM 57.000000 1578586752.0622
CHLD 0 89.718750 1578586752.0908
MEM 57.000000 1578586752.1915
CHLD 0 89.718750 1578586752.2157
MEM 57.000000 1578586752.3163
CHLD 0 89.718750 1578586752.3393
MEM 57.000000 1578586752.4400
CHLD 0 89.718750 1578586752.4601
MEM 57.000000 1578586752.5609
CHLD 0 89.718750 1578586752.5916
MEM 57.000000 1578586752.6923
CHLD 0 89.718750 1578586752.7269
MEM 57.000000 1578586752.8277
CHLD 0 89.718750 1578586752.8576
MEM 57.000000 1578586752.9583
CHLD 0 89.718750 1578586752.9861
MEM 57.000000 1578586753.0869
CHLD 0 89.718750 1578586753.1137
MEM 57.000000 1578586753.2145
CHLD 0 89.718750 1578586753.2406
MEM 57.000000 1578586753.3414
CHLD 0 89.718750 1578586753.3685
MEM 57.000000 1578586753.4692
CHLD 0 90.226562 1578586753.4850
MEM 59.074219 1578586753.5859
CHLD 0 90.226562 1578586753.6135
MEM 59.074219 1578586753.7142
CHLD 0 90.234375 1578586753.7431
MEM 59.074219 1578586753.8434
CHLD 0 90.234375 1578586753.8503
MEM 59.074219 1578586753.9506
CHLD 0 90.234375 1578586753.9567
MEM 59.074219 1578586754.0570
CHLD 0 90.234375 1578586754.0631
MEM 59.074219 1578586754.1635
CHLD 0 90.234375 1578586754.1691
MEM 59.074219 1578586754.2694
CHLD 0 90.234375 1578586754.2754
MEM 59.074219 1578586754.3757
CHLD 0 90.234375 1578586754.3818
MEM 59.074219 1578586754.4821
CHLD 0 90.234375 1578586754.4888
MEM 59.074219 1578586754.5892
CHLD 0 90.234375 1578586754.6119
MEM 59.074219 1578586754.7127
CHLD 0 90.234375 1578586754.7293
MEM 59.074219 1578586754.8300
CHLD 0 90.234375 1578586754.8562
MEM 59.074219 1578586754.9569
CHLD 0 90.234375 1578586754.9861
MEM 59.074219 1578586755.0868
CHLD 0 90.320312 1578586755.1165
MEM 59.074219 1578586755.2173
CHLD 0 90.320312 1578586755.2400
MEM 59.074219 1578586755.3408
CHLD 0 90.320312 1578586755.3692
MEM 59.679688 1578586755.4699
CHLD 0 90.320312 1578586755.4983
MEM 59.679688 1578586755.5991
CHLD 0 90.320312 1578586755.6257
MEM 59.679688 1578586755.7264
CHLD 0 90.320312 1578586755.7571
MEM 59.679688 1578586755.8578
CHLD 0 90.320312 1578586755.8868
MEM 59.679688 1578586755.9875
CHLD 0 90.320312 1578586756.0132
MEM 59.679688 1578586756.1136
CHLD 0 90.320312 1578586756.1196
MEM 59.679688 1578586756.2199
CHLD 0 90.320312 1578586756.2257
MEM 59.679688 1578586756.3260
CHLD 0 90.320312 1578586756.3328
MEM 59.679688 1578586756.4330
CHLD 0 90.320312 1578586756.4388
MEM 59.679688 1578586756.5392
CHLD 0 90.320312 1578586756.5501
MEM 59.679688 1578586756.6510
CHLD 0 90.320312 1578586756.6803
MEM 59.679688 1578586756.7807
CHLD 0 90.320312 1578586756.8211
MEM 59.679688 1578586756.9225
CHLD 0 90.320312 1578586756.9849
MEM 59.679688 1578586757.0861
CHLD 0 90.320312 1578586757.1361
MEM 60.480469 1578586757.2377
CHLD 0 90.320312 1578586757.2877
MEM 60.480469 1578586757.3889
CHLD 0 90.320312 1578586757.4481
MEM 60.480469 1578586757.5493
CHLD 0 90.320312 1578586757.6033
MEM 60.480469 1578586757.7045
CHLD 0 90.320312 1578586757.7567
MEM 60.480469 1578586757.8580
CHLD 0 90.320312 1578586757.9073
MEM 60.480469 1578586758.0085
CHLD 0 90.320312 1578586758.0577
MEM 60.480469 1578586758.1589
CHLD 0 90.320312 1578586758.2098
MEM 60.480469 1578586758.3111
CHLD 0 90.320312 1578586758.3638
MEM 60.480469 1578586758.4650
CHLD 0 90.320312 1578586758.5245
MEM 60.480469 1578586758.6257
CHLD 0 90.320312 1578586758.6832
MEM 60.480469 1578586758.7843
CHLD 0 90.320312 1578586758.8357
MEM 60.480469 1578586758.9369
CHLD 0 90.320312 1578586759.0023
MEM 60.480469 1578586759.1036
CHLD 0 90.320312 1578586759.1697
MEM 60.480469 1578586759.2708
CHLD 0 90.320312 1578586759.3374
MEM 60.480469 1578586759.4386
CHLD 0 90.320312 1578586759.5037
MEM 60.480469 1578586759.6048
CHLD 0 90.320312 1578586759.6557
MEM 60.480469 1578586759.7571
CHLD 0 90.320312 1578586759.8084
MEM 60.480469 1578586759.9096
CHLD 0 90.320312 1578586759.9582
MEM 60.480469 1578586760.0596
CHLD 0 90.320312 1578586760.1151
MEM 60.480469 1578586760.2165
CHLD 0 90.320312 1578586760.2689
MEM 60.480469 1578586760.3701
CHLD 0 90.320312 1578586760.4186
MEM 60.480469 1578586760.5199
CHLD 0 90.320312 1578586760.5707
MEM 60.480469 1578586760.6719
CHLD 0 90.320312 1578586760.7220
MEM 60.480469 1578586760.8231
CHLD 0 90.320312 1578586760.8747
MEM 60.480469 1578586760.9762
CHLD 0 90.320312 1578586761.0256
MEM 60.480469 1578586761.1268
CHLD 0 90.320312 1578586761.1754
MEM 60.480469 1578586761.2766
CHLD 0 90.320312 1578586761.3298
MEM 60.480469 1578586761.4310
CHLD 0 90.320312 1578586761.4802
MEM 60.480469 1578586761.5815
CHLD 0 90.320312 1578586761.6466
MEM 60.480469 1578586761.7479
CHLD 0 90.320312 1578586761.7797
MEM 60.480469 1578586761.8803
CHLD 0 90.320312 1578586761.9006
MEM 60.480469 1578586762.0012
CHLD 0 90.320312 1578586762.0201
MEM 60.480469 1578586762.1208
CHLD 0 90.320312 1578586762.1434
MEM 60.480469 1578586762.2442
CHLD 0 90.320312 1578586762.2672
MEM 60.480469 1578586762.3679
CHLD 0 90.320312 1578586762.3889
MEM 60.480469 1578586762.4895
CHLD 0 90.320312 1578586762.5110
MEM 60.480469 1578586762.6117
CHLD 0 90.320312 1578586762.6348
MEM 60.480469 1578586762.7356
CHLD 0 90.320312 1578586762.7571
MEM 60.480469 1578586762.8573
CHLD 0 90.320312 1578586762.8635
MEM 60.480469 1578586762.9637
CHLD 0 90.320312 1578586762.9697
MEM 60.480469 1578586763.0700
CHLD 0 90.320312 1578586763.0757
MEM 60.480469 1578586763.1760
CHLD 0 90.320312 1578586763.1818
MEM 60.480469 1578586763.2821
CHLD 0 90.320312 1578586763.2881
MEM 60.480469 1578586763.3884
CHLD 0 90.320312 1578586763.3943
MEM 60.480469 1578586763.4946
CHLD 0 90.320312 1578586763.5006
MEM 60.480469 1578586763.6009
CHLD 0 90.320312 1578586763.6081
MEM 60.480469 1578586763.7084
CHLD 0 90.320312 1578586763.7147
MEM 60.480469 1578586763.8155
CHLD 0 90.320312 1578586763.8251
MEM 60.480469 1578586763.9257
CHLD 0 90.320312 1578586763.9509
MEM 60.480469 1578586764.0516
CHLD 0 90.320312 1578586764.0771
MEM 60.480469 1578586764.1778
CHLD 0 90.320312 1578586764.2015
MEM 60.480469 1578586764.3022
CHLD 0 90.320312 1578586764.3282
MEM 60.480469 1578586764.4288
CHLD 0 90.320312 1578586764.4542
MEM 60.480469 1578586764.5549
CHLD 0 90.320312 1578586764.5809
MEM 60.480469 1578586764.6815
CHLD 0 90.320312 1578586764.7048
MEM 60.480469 1578586764.8054
CHLD 0 90.320312 1578586764.8331
MEM 60.480469 1578586764.9338
CHLD 0 90.320312 1578586764.9597
MEM 60.480469 1578586765.0604
CHLD 0 90.320312 1578586765.0877
MEM 60.480469 1578586765.1884
CHLD 0 90.320312 1578586765.2188
MEM 60.480469 1578586765.3196
CHLD 0 90.320312 1578586765.3463
MEM 60.480469 1578586765.4470
CHLD 0 90.320312 1578586765.4745
MEM 60.480469 1578586765.5752
CHLD 0 90.320312 1578586765.6023
MEM 60.480469 1578586765.7030
CHLD 0 90.320312 1578586765.7318
MEM 60.480469 1578586765.8325
CHLD 0 90.320312 1578586765.8600
MEM 60.480469 1578586765.9607
CHLD 0 90.320312 1578586765.9871
MEM 60.480469 1578586766.0879
CHLD 0 90.320312 1578586766.1149
MEM 60.480469 1578586766.2158
CHLD 0 90.320312 1578586766.2441
MEM 60.480469 1578586766.3448
CHLD 0 90.320312 1578586766.3720
MEM 60.480469 1578586766.4727
CHLD 0 90.320312 1578586766.5005
MEM 60.480469 1578586766.6012
CHLD 0 90.320312 1578586766.6285
MEM 60.480469 1578586766.7293
CHLD 0 90.320312 1578586766.7585
MEM 60.480469 1578586766.8593
CHLD 0 90.320312 1578586766.8865
MEM 60.480469 1578586766.9873
CHLD 0 90.320312 1578586767.0145
MEM 60.480469 1578586767.1153
CHLD 0 90.320312 1578586767.1422
MEM 60.480469 1578586767.2430
CHLD 0 90.320312 1578586767.2700
MEM 60.480469 1578586767.3707
CHLD 0 90.320312 1578586767.3940
MEM 60.480469 1578586767.4947
CHLD 0 90.320312 1578586767.5220
MEM 60.480469 1578586767.6228
CHLD 0 90.320312 1578586767.6521
MEM 60.480469 1578586767.7528
CHLD 0 90.320312 1578586767.7802
MEM 60.480469 1578586767.8809
CHLD 0 90.320312 1578586767.9071
MEM 60.480469 1578586768.0080
CHLD 0 90.320312 1578586768.0367
MEM 60.480469 1578586768.1374
CHLD 0 90.320312 1578586768.1680
MEM 60.480469 1578586768.2687
CHLD 0 90.320312 1578586768.3006
MEM 60.480469 1578586768.4013
CHLD 0 90.320312 1578586768.4311
MEM 60.480469 1578586768.5321
CHLD 0 90.320312 1578586768.5606
MEM 60.480469 1578586768.6613
CHLD 0 90.320312 1578586768.6891
MEM 60.480469 1578586768.7899
CHLD 0 90.320312 1578586768.8166
MEM 60.480469 1578586768.9173
CHLD 0 90.320312 1578586768.9423
MEM 60.480469 1578586769.0431
CHLD 0 90.320312 1578586769.0706
MEM 60.480469 1578586769.1714
CHLD 0 90.320312 1578586769.2016
MEM 60.480469 1578586769.3023
CHLD 0 90.320312 1578586769.3321
MEM 60.480469 1578586769.4328
CHLD 0 90.320312 1578586769.4625
MEM 60.480469 1578586769.5633
CHLD 0 90.320312 1578586769.5905
MEM 60.480469 1578586769.6911
CHLD 0 90.320312 1578586769.7090
MEM 60.480469 1578586769.8097
CHLD 0 90.320312 1578586769.8362
MEM 60.480469 1578586769.9369
CHLD 0 90.320312 1578586769.9668
MEM 60.480469 1578586770.0676
CHLD 0 90.320312 1578586770.0980
MEM 60.480469 1578586770.1989
CHLD 0 90.320312 1578586770.2212
MEM 60.480469 1578586770.3221
CHLD 0 90.320312 1578586770.3491
MEM 60.480469 1578586770.4498
CHLD 0 90.320312 1578586770.4766
MEM 60.480469 1578586770.5773
CHLD 0 90.320312 1578586770.6057
MEM 60.480469 1578586770.7066
CHLD 0 90.320312 1578586770.7250
MEM 60.480469 1578586770.8256
CHLD 0 90.320312 1578586770.8524
MEM 60.480469 1578586770.9531
CHLD 0 90.320312 1578586770.9801
MEM 60.480469 1578586771.0808
CHLD 0 90.320312 1578586771.1094
MEM 60.480469 1578586771.2103
CHLD 0 90.320312 1578586771.2446
MEM 60.480469 1578586771.3453
CHLD 0 90.320312 1578586771.3718
MEM 60.480469 1578586771.4725
CHLD 0 90.320312 1578586771.4989
MEM 60.480469 1578586771.5997
CHLD 0 90.320312 1578586771.6262
MEM 60.480469 1578586771.7270
CHLD 0 90.320312 1578586771.7539
MEM 60.480469 1578586771.8548
CHLD 0 90.320312 1578586771.8841
MEM 60.480469 1578586771.9849
CHLD 0 90.320312 1578586772.0129
MEM 60.480469 1578586772.1132
CHLD 0 90.320312 1578586772.1195
MEM 60.480469 1578586772.2198
CHLD 0 90.320312 1578586772.2262
MEM 60.480469 1578586772.3269
CHLD 0 90.320312 1578586772.3539
MEM 60.480469 1578586772.4546
CHLD 0 90.320312 1578586772.4789
MEM 60.480469 1578586772.5797
CHLD 0 90.320312 1578586772.6070
MEM 60.480469 1578586772.7078
CHLD 0 90.320312 1578586772.7349
MEM 60.480469 1578586772.8355
CHLD 0 90.320312 1578586772.8610
MEM 60.480469 1578586772.9617
CHLD 0 90.320312 1578586772.9889
MEM 60.480469 1578586773.0898
CHLD 0 90.320312 1578586773.1163
MEM 60.480469 1578586773.2171
CHLD 0 90.320312 1578586773.2436
MEM 60.480469 1578586773.3443
CHLD 0 90.320312 1578586773.3719
MEM 60.480469 1578586773.4726
CHLD 0 90.320312 1578586773.5012
MEM 60.480469 1578586773.6019
CHLD 0 90.320312 1578586773.6304
MEM 60.480469 1578586773.7312
CHLD 0 90.320312 1578586773.7576
MEM 60.480469 1578586773.8583
CHLD 0 90.320312 1578586773.8858
MEM 60.480469 1578586773.9865
CHLD 0 90.320312 1578586774.0140
MEM 60.480469 1578586774.1148
CHLD 0 90.320312 1578586774.1414
MEM 60.480469 1578586774.2421
CHLD 0 90.320312 1578586774.2695
MEM 60.480469 1578586774.3700
CHLD 0 90.320312 1578586774.3934
MEM 60.480469 1578586774.4941
CHLD 0 90.320312 1578586774.5221
MEM 60.480469 1578586774.6228
CHLD 0 90.320312 1578586774.6506
MEM 60.480469 1578586774.7513
CHLD 0 90.320312 1578586774.7790
MEM 60.480469 1578586774.8798
CHLD 0 90.320312 1578586774.9071
MEM 60.480469 1578586775.0079
CHLD 0 90.320312 1578586775.0354
MEM 60.480469 1578586775.1361
CHLD 0 90.320312 1578586775.1632
MEM 60.480469 1578586775.2639
CHLD 0 90.320312 1578586775.2843
MEM 60.480469 1578586775.3850
CHLD 0 90.320312 1578586775.4123
MEM 60.480469 1578586775.5130
CHLD 0 90.320312 1578586775.5421
MEM 60.480469 1578586775.6425
CHLD 0 90.320312 1578586775.6504
MEM 60.480469 1578586775.7507
CHLD 0 90.320312 1578586775.7595
MEM 60.480469 1578586775.8598
CHLD 0 90.320312 1578586775.8669
MEM 60.480469 1578586775.9671
CHLD 0 90.320312 1578586775.9737
MEM 60.480469 1578586776.0739
CHLD 0 90.320312 1578586776.0798
MEM 60.480469 1578586776.1801
CHLD 0 90.320312 1578586776.1858
MEM 60.480469 1578586776.2860
CHLD 0 90.320312 1578586776.2927
MEM 60.480469 1578586776.3930
CHLD 0 90.320312 1578586776.3993
MEM 60.480469 1578586776.4996
CHLD 0 90.320312 1578586776.5059
MEM 60.480469 1578586776.6062
CHLD 0 90.320312 1578586776.6122
MEM 60.480469 1578586776.7125
CHLD 0 90.320312 1578586776.7185
MEM 60.480469 1578586776.8188
CHLD 0 90.320312 1578586776.8248
MEM 60.480469 1578586776.9251
CHLD 0 90.320312 1578586776.9311
MEM 60.480469 1578586777.0314
CHLD 0 90.320312 1578586777.0375
MEM 60.480469 1578586777.1378
CHLD 0 90.320312 1578586777.1435
MEM 60.480469 1578586777.2438
CHLD 0 90.320312 1578586777.2501
MEM 60.480469 1578586777.3504
CHLD 0 90.320312 1578586777.3564
MEM 60.480469 1578586777.4567
CHLD 0 90.320312 1578586777.4625
MEM 60.480469 1578586777.5628
CHLD 0 90.320312 1578586777.5691
MEM 60.480469 1578586777.6695
CHLD 0 90.320312 1578586777.6771
MEM 60.480469 1578586777.7774
CHLD 0 90.320312 1578586777.7841
MEM 60.480469 1578586777.8844
CHLD 0 90.320312 1578586777.8903
MEM 60.480469 1578586777.9905
CHLD 0 90.320312 1578586777.9967
MEM 60.480469 1578586778.0970
CHLD 0 90.320312 1578586778.1030
MEM 60.480469 1578586778.2034
CHLD 0 90.320312 1578586778.2103
MEM 60.480469 1578586778.3106
CHLD 0 90.320312 1578586778.3191
MEM 60.480469 1578586778.4199
CHLD 0 90.320312 1578586778.4298
MEM 60.480469 1578586778.5305
CHLD 0 90.320312 1578586778.5573
MEM 60.480469 1578586778.6580
CHLD 0 90.320312 1578586778.6853
MEM 60.480469 1578586778.7861
CHLD 0 90.320312 1578586778.8135
MEM 60.480469 1578586778.9142
CHLD 0 90.320312 1578586778.9450
MEM 60.480469 1578586779.0458
CHLD 0 90.320312 1578586779.0739
MEM 60.480469 1578586779.1747
CHLD 0 90.320312 1578586779.2059
MEM 60.480469 1578586779.3067
CHLD 0 90.320312 1578586779.3363
MEM 60.480469 1578586779.4370
CHLD 0 90.320312 1578586779.4669
MEM 60.480469 1578586779.5677
CHLD 0 90.320312 1578586779.5955
MEM 60.480469 1578586779.6960
CHLD 0 90.320312 1578586779.7161
MEM 60.480469 1578586779.8168
CHLD 0 90.320312 1578586779.8457
MEM 60.480469 1578586779.9464
CHLD 0 90.320312 1578586779.9758
MEM 60.480469 1578586780.0766
CHLD 0 90.320312 1578586780.1056
MEM 60.480469 1578586780.2064
CHLD 0 90.320312 1578586780.2348
MEM 60.480469 1578586780.3356
CHLD 0 90.320312 1578586780.3651
MEM 60.480469 1578586780.4658
CHLD 0 90.320312 1578586780.4955
MEM 60.480469 1578586780.5962
CHLD 0 90.320312 1578586780.6255
MEM 60.480469 1578586780.7263
CHLD 0 90.320312 1578586780.7534
MEM 60.480469 1578586780.8537
CHLD 0 90.320312 1578586780.8624
MEM 60.480469 1578586780.9631
CHLD 0 90.320312 1578586780.9901
MEM 60.480469 1578586781.0909
CHLD 0 90.320312 1578586781.1210
MEM 60.480469 1578586781.2217
CHLD 0 90.320312 1578586781.2523
MEM 60.480469 1578586781.3531
CHLD 0 90.320312 1578586781.3831
MEM 60.480469 1578586781.4840
CHLD 0 90.320312 1578586781.5055
MEM 60.480469 1578586781.6063
CHLD 0 90.320312 1578586781.6352
MEM 60.480469 1578586781.7357
CHLD 0 90.320312 1578586781.7512
MEM 60.480469 1578586781.8518
CHLD 0 90.320312 1578586781.8751
MEM 60.480469 1578586781.9759
CHLD 0 90.320312 1578586782.0057
MEM 60.480469 1578586782.1064
CHLD 0 90.320312 1578586782.1315
MEM 60.480469 1578586782.2323
CHLD 0 90.320312 1578586782.2611
MEM 60.480469 1578586782.3618
CHLD 0 90.320312 1578586782.3896
MEM 60.480469 1578586782.4903
CHLD 0 90.320312 1578586782.5185
MEM 60.480469 1578586782.6192
CHLD 0 90.320312 1578586782.6495
