CMDLINE /usr/bin/python3 main.py
MEM 1.296875 1578323710.0123
MEM 23.964844 1578323710.1201
MEM 28.640625 1578323710.2418
MEM 56.929688 1578323710.3526
CHLD 0 52.839844 1578323710.3594
MEM 56.929688 1578323710.4598
CHLD 0 78.117188 1578323710.4731
MEM 56.929688 1578323710.5740
CHLD 0 78.117188 1578323710.5998
MEM 56.929688 1578323710.7008
CHLD 0 78.117188 1578323710.7275
MEM 56.929688 1578323710.8285
CHLD 0 78.117188 1578323710.8561
MEM 56.929688 1578323710.9568
CHLD 0 78.117188 1578323710.9824
MEM 56.929688 1578323711.0828
CHLD 0 78.117188 1578323711.0904
MEM 56.929688 1578323711.1913
CHLD 0 78.117188 1578323711.2173
MEM 56.929688 1578323711.3185
CHLD 0 78.117188 1578323711.3456
MEM 56.929688 1578323711.4466
CHLD 0 78.117188 1578323711.4742
MEM 56.929688 1578323711.5753
CHLD 0 78.117188 1578323711.6015
MEM 56.929688 1578323711.7025
CHLD 0 78.117188 1578323711.7349
MEM 56.929688 1578323711.8357
CHLD 0 78.117188 1578323711.8616
MEM 56.929688 1578323711.9620
CHLD 0 78.117188 1578323711.9688
MEM 56.929688 1578323712.0691
CHLD 0 78.117188 1578323712.0787
MEM 56.929688 1578323712.1790
CHLD 0 78.117188 1578323712.1854
MEM 56.929688 1578323712.2857
CHLD 0 78.117188 1578323712.2921
MEM 56.929688 1578323712.3924
CHLD 0 78.117188 1578323712.3991
MEM 56.929688 1578323712.4994
CHLD 0 78.117188 1578323712.5054
MEM 56.929688 1578323712.6062
CHLD 0 78.117188 1578323712.6318
MEM 56.929688 1578323712.7325
CHLD 0 78.117188 1578323712.7578
MEM 56.929688 1578323712.8585
CHLD 0 78.117188 1578323712.8839
MEM 56.929688 1578323712.9846
CHLD 0 78.117188 1578323713.0098
MEM 56.929688 1578323713.1105
CHLD 0 78.117188 1578323713.1361
MEM 56.929688 1578323713.2367
CHLD 0 78.117188 1578323713.2624
MEM 56.929688 1578323713.3630
CHLD 0 78.117188 1578323713.3893
MEM 56.929688 1578323713.4901
CHLD 0 78.117188 1578323713.5166
MEM 56.929688 1578323713.6169
CHLD 0 78.984375 1578323713.6231
MEM 56.929688 1578323713.7238
CHLD 0 78.984375 1578323713.7493
MEM 56.929688 1578323713.8505
CHLD 0 78.984375 1578323713.8793
MEM 56.929688 1578323713.9800
CHLD 0 78.984375 1578323714.0061
MEM 56.929688 1578323714.1065
CHLD 0 78.984375 1578323714.1148
MEM 56.929688 1578323714.2156
CHLD 0 78.984375 1578323714.2409
MEM 56.929688 1578323714.3416
CHLD 0 78.984375 1578323714.3664
MEM 56.929688 1578323714.4671
CHLD 0 78.984375 1578323714.4927
MEM 56.929688 1578323714.5935
CHLD 0 78.984375 1578323714.6181
MEM 56.929688 1578323714.7192
CHLD 0 78.984375 1578323714.7468
MEM 56.929688 1578323714.8477
CHLD 0 83.281250 1578323714.8732
MEM 56.929688 1578323714.9743
CHLD 0 83.281250 1578323715.0007
MEM 56.929688 1578323715.1015
CHLD 0 83.281250 1578323715.1260
MEM 56.929688 1578323715.2266
CHLD 0 83.281250 1578323715.2541
MEM 56.929688 1578323715.3544
CHLD 0 83.281250 1578323715.3600
MEM 56.929688 1578323715.4602
CHLD 0 83.281250 1578323715.4658
MEM 56.929688 1578323715.5660
CHLD 0 83.281250 1578323715.5721
MEM 56.929688 1578323715.6727
CHLD 0 83.281250 1578323715.7012
MEM 56.929688 1578323715.8014
CHLD 0 83.281250 1578323715.8066
MEM 56.929688 1578323715.9068
CHLD 0 83.281250 1578323715.9121
MEM 56.929688 1578323716.0124
CHLD 0 83.281250 1578323716.0180
MEM 56.929688 1578323716.1187
CHLD 0 83.281250 1578323716.1421
MEM 56.929688 1578323716.2427
CHLD 0 83.281250 1578323716.2703
MEM 56.929688 1578323716.3709
CHLD 0 83.281250 1578323716.4004
MEM 56.929688 1578323716.5011
CHLD 0 83.281250 1578323716.5292
MEM 56.929688 1578323716.6300
CHLD 0 83.281250 1578323716.6395
MEM 56.929688 1578323716.7398
CHLD 0 83.281250 1578323716.7453
MEM 56.929688 1578323716.8456
CHLD 0 83.281250 1578323716.8508
MEM 56.929688 1578323716.9510
CHLD 0 83.281250 1578323716.9562
MEM 56.929688 1578323717.0564
CHLD 0 83.281250 1578323717.0615
MEM 56.929688 1578323717.1618
CHLD 0 83.281250 1578323717.1695
MEM 56.929688 1578323717.2697
CHLD 0 83.281250 1578323717.2753
MEM 56.929688 1578323717.3756
CHLD 0 83.281250 1578323717.3810
MEM 56.929688 1578323717.4812
CHLD 0 83.281250 1578323717.4866
MEM 56.929688 1578323717.5868
CHLD 0 83.281250 1578323717.5922
MEM 56.929688 1578323717.6929
CHLD 0 83.281250 1578323717.7021
MEM 56.929688 1578323717.8023
CHLD 0 83.281250 1578323717.8074
MEM 56.929688 1578323717.9076
CHLD 0 83.281250 1578323717.9131
MEM 56.929688 1578323718.0138
CHLD 0 83.281250 1578323718.0395
MEM 56.929688 1578323718.1402
CHLD 0 83.281250 1578323718.1651
MEM 56.929688 1578323718.2656
CHLD 0 83.281250 1578323718.2907
MEM 56.929688 1578323718.3913
CHLD 0 83.281250 1578323718.4175
MEM 56.929688 1578323718.5182
CHLD 0 83.281250 1578323718.5447
MEM 56.929688 1578323718.6453
CHLD 0 83.281250 1578323718.6699
MEM 56.929688 1578323718.7706
CHLD 0 83.281250 1578323718.7972
MEM 56.929688 1578323718.8979
CHLD 0 83.281250 1578323718.9238
MEM 56.929688 1578323719.0245
CHLD 0 83.281250 1578323719.0495
MEM 56.929688 1578323719.1502
CHLD 0 83.281250 1578323719.1751
MEM 56.929688 1578323719.2754
CHLD 0 101.199219 1578323719.2827
MEM 56.929688 1578323719.3834
CHLD 0 119.574219 1578323719.4098
MEM 56.929688 1578323719.5106
CHLD 0 119.722656 1578323719.5397
MEM 56.929688 1578323719.6406
CHLD 0 119.832031 1578323719.6668
MEM 56.929688 1578323719.7676
CHLD 0 119.867188 1578323719.7930
MEM 56.929688 1578323719.8938
CHLD 0 120.121094 1578323719.9223
MEM 56.929688 1578323720.0231
CHLD 0 120.378906 1578323720.0515
MEM 56.929688 1578323720.1522
CHLD 0 120.378906 1578323720.1804
MEM 56.929688 1578323720.2812
CHLD 0 120.636719 1578323720.3090
MEM 56.929688 1578323720.4099
CHLD 0 120.636719 1578323720.4330
MEM 56.929688 1578323720.5338
CHLD 0 120.894531 1578323720.5617
MEM 56.929688 1578323720.6625
CHLD 0 120.894531 1578323720.6909
MEM 56.929688 1578323720.7916
CHLD 0 121.152344 1578323720.8198
MEM 56.929688 1578323720.9206
CHLD 0 121.152344 1578323720.9445
MEM 56.929688 1578323721.0452
CHLD 0 121.410156 1578323721.0710
MEM 56.929688 1578323721.1719
CHLD 0 121.410156 1578323721.1992
MEM 56.929688 1578323721.3000
CHLD 0 121.667969 1578323721.3263
MEM 56.929688 1578323721.4271
CHLD 0 121.921875 1578323721.4539
MEM 56.929688 1578323721.5547
CHLD 0 121.921875 1578323721.5829
MEM 56.929688 1578323721.6837
CHLD 0 122.179688 1578323721.7094
MEM 56.929688 1578323721.8103
CHLD 0 122.179688 1578323721.8371
MEM 56.929688 1578323721.9378
CHLD 0 122.664062 1578323721.9660
MEM 56.929688 1578323722.0668
CHLD 0 122.664062 1578323722.0966
MEM 56.929688 1578323722.1974
CHLD 0 122.921875 1578323722.2231
MEM 56.929688 1578323722.3235
CHLD 0 122.921875 1578323722.3296
MEM 56.929688 1578323722.4299
CHLD 0 122.921875 1578323722.4356
MEM 56.929688 1578323722.5359
CHLD 0 122.921875 1578323722.5421
MEM 56.929688 1578323722.6424
CHLD 0 122.921875 1578323722.6478
MEM 67.437500 1578323722.7483
CHLD 0 123.109375 1578323722.7628
MEM 77.269531 1578323722.8637
CHLD 0 123.109375 1578323722.8748
MEM 77.269531 1578323722.9757
CHLD 0 123.109375 1578323722.9893
MEM 77.269531 1578323723.0897
CHLD 0 123.109375 1578323723.1045
MEM 77.269531 1578323723.2050
CHLD 0 123.109375 1578323723.2209
MEM 77.269531 1578323723.3214
CHLD 0 123.109375 1578323723.3342
MEM 77.269531 1578323723.4349
CHLD 0 123.109375 1578323723.4618
MEM 77.269531 1578323723.5626
CHLD 0 123.109375 1578323723.5903
MEM 77.269531 1578323723.6912
CHLD 0 123.109375 1578323723.7192
MEM 77.476562 1578323723.8200
CHLD 0 123.109375 1578323723.8482
MEM 77.476562 1578323723.9486
CHLD 0 123.109375 1578323723.9633
MEM 77.476562 1578323724.0640
CHLD 0 123.109375 1578323724.0848
MEM 77.476562 1578323724.1855
CHLD 0 123.109375 1578323724.2068
MEM 77.476562 1578323724.3075
CHLD 0 123.109375 1578323724.3277
MEM 77.476562 1578323724.4281
CHLD 0 123.109375 1578323724.4379
MEM 77.476562 1578323724.5384
CHLD 0 123.109375 1578323724.5542
MEM 77.476562 1578323724.6548
CHLD 0 123.109375 1578323724.6750
MEM 77.476562 1578323724.7758
CHLD 0 123.109375 1578323724.8080
MEM 77.476562 1578323724.9089
CHLD 0 123.109375 1578323724.9369
MEM 77.476562 1578323725.0376
CHLD 0 123.109375 1578323725.0557
MEM 77.476562 1578323725.1562
CHLD 0 123.109375 1578323725.1737
MEM 77.476562 1578323725.2744
CHLD 0 123.109375 1578323725.2928
MEM 77.476562 1578323725.3934
CHLD 0 123.109375 1578323725.4112
MEM 77.476562 1578323725.5116
CHLD 0 123.109375 1578323725.5247
MEM 77.476562 1578323725.6252
CHLD 0 123.109375 1578323725.6386
MEM 77.476562 1578323725.7391
CHLD 0 123.109375 1578323725.7520
MEM 77.476562 1578323725.8525
CHLD 0 123.109375 1578323725.8652
MEM 77.476562 1578323725.9656
CHLD 0 123.109375 1578323725.9788
MEM 77.476562 1578323726.0794
CHLD 0 123.109375 1578323726.0999
MEM 77.476562 1578323726.2006
CHLD 0 123.109375 1578323726.2215
MEM 77.476562 1578323726.3222
CHLD 0 123.109375 1578323726.3454
MEM 77.476562 1578323726.4459
CHLD 0 123.109375 1578323726.4569
MEM 77.476562 1578323726.5577
CHLD 0 123.109375 1578323726.5823
MEM 77.476562 1578323726.6833
CHLD 0 123.109375 1578323726.7133
MEM 77.476562 1578323726.8141
CHLD 0 123.109375 1578323726.8378
MEM 77.476562 1578323726.9384
CHLD 0 123.109375 1578323726.9580
MEM 77.476562 1578323727.0583
CHLD 0 123.109375 1578323727.0690
MEM 77.476562 1578323727.1699
CHLD 0 123.109375 1578323727.1974
MEM 77.476562 1578323727.2981
CHLD 0 123.109375 1578323727.3271
MEM 77.476562 1578323727.4276
CHLD 0 123.109375 1578323727.4439
MEM 77.476562 1578323727.5449
CHLD 0 123.109375 1578323727.5632
MEM 77.476562 1578323727.6636
CHLD 0 123.109375 1578323727.6708
MEM 77.476562 1578323727.7711
CHLD 0 123.109375 1578323727.7803
MEM 77.476562 1578323727.8806
CHLD 0 123.109375 1578323727.8905
MEM 77.476562 1578323727.9910
CHLD 0 123.109375 1578323728.0095
MEM 77.476562 1578323728.1102
CHLD 0 123.109375 1578323728.1312
MEM 77.476562 1578323728.2319
CHLD 0 123.109375 1578323728.2527
MEM 77.476562 1578323728.3534
CHLD 0 123.109375 1578323728.3685
MEM 77.476562 1578323728.4689
CHLD 0 123.109375 1578323728.4805
MEM 77.476562 1578323728.5812
CHLD 0 123.109375 1578323728.6073
MEM 77.476562 1578323728.7081
CHLD 0 123.109375 1578323728.7364
MEM 77.476562 1578323728.8368
CHLD 0 123.109375 1578323728.8498
MEM 77.476562 1578323728.9503
CHLD 0 123.109375 1578323728.9648
MEM 77.476562 1578323729.0652
CHLD 0 123.109375 1578323729.0737
MEM 77.476562 1578323729.1740
CHLD 0 123.109375 1578323729.1817
MEM 77.476562 1578323729.2820
CHLD 0 123.109375 1578323729.2897
MEM 77.476562 1578323729.3903
CHLD 0 123.109375 1578323729.3990
MEM 77.476562 1578323729.4994
CHLD 0 123.109375 1578323729.5124
MEM 77.476562 1578323729.6130
CHLD 0 123.109375 1578323729.6304
MEM 77.476562 1578323729.7310
CHLD 0 123.109375 1578323729.7488
MEM 77.476562 1578323729.8494
CHLD 0 123.109375 1578323729.8669
MEM 77.476562 1578323729.9678
CHLD 0 123.109375 1578323729.9851
MEM 77.476562 1578323730.0858
CHLD 0 123.109375 1578323730.1075
MEM 77.476562 1578323730.2084
CHLD 0 123.109375 1578323730.2196
MEM 77.476562 1578323730.3201
CHLD 0 123.109375 1578323730.3384
MEM 77.476562 1578323730.4388
CHLD 0 123.109375 1578323730.4471
MEM 77.476562 1578323730.5475
CHLD 0 123.109375 1578323730.5566
MEM 77.476562 1578323730.6575
CHLD 0 123.109375 1578323730.6833
MEM 77.476562 1578323730.7840
CHLD 0 123.109375 1578323730.8102
MEM 77.476562 1578323730.9109
CHLD 0 123.109375 1578323730.9341
MEM 77.476562 1578323731.0347
CHLD 0 123.109375 1578323731.0660
MEM 77.476562 1578323731.1666
CHLD 0 123.109375 1578323731.1941
MEM 77.476562 1578323731.2948
CHLD 0 123.109375 1578323731.3207
MEM 77.476562 1578323731.4212
CHLD 0 123.109375 1578323731.4399
MEM 77.476562 1578323731.5404
CHLD 0 123.109375 1578323731.5605
MEM 77.476562 1578323731.6609
CHLD 0 123.109375 1578323731.6735
MEM 77.476562 1578323731.7741
CHLD 0 123.109375 1578323731.7925
MEM 77.476562 1578323731.8930
CHLD 0 123.109375 1578323731.9080
MEM 77.476562 1578323732.0085
CHLD 0 123.109375 1578323732.0310
MEM 77.476562 1578323732.1318
CHLD 0 123.109375 1578323732.1463
MEM 77.476562 1578323732.2469
CHLD 0 123.109375 1578323732.2643
MEM 77.476562 1578323732.3649
CHLD 0 123.109375 1578323732.3910
MEM 77.476562 1578323732.4914
CHLD 0 123.109375 1578323732.5010
MEM 77.476562 1578323732.6016
CHLD 0 123.109375 1578323732.6239
MEM 77.476562 1578323732.7251
CHLD 0 123.109375 1578323732.7465
MEM 77.476562 1578323732.8470
CHLD 0 123.109375 1578323732.8682
MEM 77.476562 1578323732.9686
CHLD 0 123.109375 1578323732.9811
MEM 77.476562 1578323733.0820
CHLD 0 123.109375 1578323733.0944
MEM 77.476562 1578323733.1951
CHLD 0 123.109375 1578323733.2137
MEM 77.476562 1578323733.3142
CHLD 0 123.109375 1578323733.3282
MEM 77.476562 1578323733.4288
CHLD 0 123.109375 1578323733.4439
MEM 77.476562 1578323733.5444
CHLD 0 123.109375 1578323733.5581
MEM 77.476562 1578323733.6586
CHLD 0 123.109375 1578323733.6723
MEM 77.476562 1578323733.7727
CHLD 0 123.109375 1578323733.7866
MEM 77.476562 1578323733.8871
CHLD 0 123.109375 1578323733.9012
MEM 77.476562 1578323734.0018
CHLD 0 123.109375 1578323734.0187
MEM 77.476562 1578323734.1192
CHLD 0 123.109375 1578323734.1403
MEM 77.476562 1578323734.2409
CHLD 0 123.109375 1578323734.2579
MEM 77.476562 1578323734.3585
CHLD 0 123.109375 1578323734.3788
MEM 77.476562 1578323734.4793
CHLD 0 123.109375 1578323734.4925
MEM 77.476562 1578323734.5930
CHLD 0 123.109375 1578323734.6063
MEM 77.476562 1578323734.7070
CHLD 0 123.109375 1578323734.7192
MEM 77.476562 1578323734.8199
CHLD 0 123.109375 1578323734.8408
MEM 77.476562 1578323734.9413
CHLD 0 123.109375 1578323734.9559
MEM 77.476562 1578323735.0564
CHLD 0 123.109375 1578323735.0713
MEM 77.476562 1578323735.1717
CHLD 0 123.109375 1578323735.1865
MEM 77.476562 1578323735.2869
CHLD 0 123.109375 1578323735.3033
MEM 77.476562 1578323735.4039
CHLD 0 123.109375 1578323735.4189
MEM 77.476562 1578323735.5194
CHLD 0 123.109375 1578323735.5348
MEM 77.476562 1578323735.6352
CHLD 0 123.109375 1578323735.6449
MEM 77.476562 1578323735.7456
CHLD 0 123.109375 1578323735.7705
MEM 77.476562 1578323735.8710
CHLD 0 123.109375 1578323735.8888
MEM 77.476562 1578323735.9895
CHLD 0 123.109375 1578323736.0038
MEM 77.476562 1578323736.1044
CHLD 0 123.109375 1578323736.1271
MEM 77.476562 1578323736.2275
CHLD 0 123.109375 1578323736.2404
MEM 77.476562 1578323736.3411
CHLD 0 123.109375 1578323736.3673
MEM 77.476562 1578323736.4679
CHLD 0 123.109375 1578323736.4863
MEM 77.476562 1578323736.5868
CHLD 0 123.109375 1578323736.6007
MEM 77.476562 1578323736.7011
CHLD 0 123.109375 1578323736.7119
MEM 77.476562 1578323736.8124
CHLD 0 123.109375 1578323736.8223
MEM 77.476562 1578323736.9227
CHLD 0 123.109375 1578323736.9299
MEM 77.476562 1578323737.0303
CHLD 0 123.109375 1578323737.0438
MEM 77.476562 1578323737.1444
CHLD 0 123.109375 1578323737.1678
MEM 77.476562 1578323737.2684
CHLD 0 123.109375 1578323737.2847
MEM 77.476562 1578323737.3852
CHLD 0 123.109375 1578323737.4013
MEM 77.476562 1578323737.5019
CHLD 0 123.109375 1578323737.5143
MEM 77.476562 1578323737.6150
CHLD 0 123.109375 1578323737.6393
MEM 77.476562 1578323737.7397
CHLD 0 123.109375 1578323737.7468
MEM 77.476562 1578323737.8471
CHLD 0 123.109375 1578323737.8546
MEM 77.476562 1578323737.9550
CHLD 0 123.109375 1578323737.9622
MEM 77.476562 1578323738.0627
CHLD 0 123.109375 1578323738.0725
MEM 77.476562 1578323738.1732
CHLD 0 123.109375 1578323738.1806
MEM 77.476562 1578323738.2814
CHLD 0 123.109375 1578323738.3057
MEM 77.476562 1578323738.4065
CHLD 0 123.109375 1578323738.4335
MEM 77.476562 1578323738.5345
CHLD 0 123.109375 1578323738.5594
MEM 77.476562 1578323738.6598
CHLD 0 123.109375 1578323738.6705
MEM 77.476562 1578323738.7713
CHLD 0 123.109375 1578323738.7986
MEM 77.476562 1578323738.8991
CHLD 0 123.109375 1578323738.9130
MEM 77.476562 1578323739.0135
CHLD 0 123.109375 1578323739.0266
MEM 77.476562 1578323739.1270
CHLD 0 123.109375 1578323739.1395
MEM 77.476562 1578323739.2402
CHLD 0 123.109375 1578323739.2527
MEM 77.476562 1578323739.3531
CHLD 0 123.109375 1578323739.3607
MEM 77.476562 1578323739.4612
CHLD 0 123.109375 1578323739.4741
MEM 77.476562 1578323739.5746
CHLD 0 123.109375 1578323739.5876
MEM 77.476562 1578323739.6881
CHLD 0 123.109375 1578323739.7051
MEM 77.476562 1578323739.8055
CHLD 0 123.109375 1578323739.8166
MEM 77.476562 1578323739.9171
CHLD 0 123.109375 1578323739.9293
MEM 77.476562 1578323740.0300
CHLD 0 123.109375 1578323740.0527
MEM 77.476562 1578323740.1532
CHLD 0 123.109375 1578323740.1681
MEM 77.476562 1578323740.2686
CHLD 0 123.109375 1578323740.2845
MEM 77.476562 1578323740.3850
CHLD 0 123.109375 1578323740.3980
MEM 77.476562 1578323740.4984
CHLD 0 123.109375 1578323740.5112
MEM 77.476562 1578323740.6116
CHLD 0 123.109375 1578323740.6229
MEM 77.476562 1578323740.7232
CHLD 0 123.109375 1578323740.7335
MEM 77.476562 1578323740.8342
CHLD 0 123.109375 1578323740.8617
MEM 77.476562 1578323740.9625
CHLD 0 123.109375 1578323740.9905
MEM 77.476562 1578323741.0910
CHLD 0 123.109375 1578323741.1152
MEM 77.476562 1578323741.2155
CHLD 0 123.109375 1578323741.2244
MEM 77.476562 1578323741.3251
CHLD 0 123.109375 1578323741.3473
MEM 77.476562 1578323741.4478
CHLD 0 123.109375 1578323741.4639
MEM 77.476562 1578323741.5645
CHLD 0 123.109375 1578323741.5814
MEM 77.476562 1578323741.6823
CHLD 0 123.109375 1578323741.7079
MEM 77.476562 1578323741.8086
CHLD 0 123.109375 1578323741.8277
MEM 77.476562 1578323741.9284
CHLD 0 123.109375 1578323741.9527
MEM 77.476562 1578323742.0532
CHLD 0 123.109375 1578323742.0671
MEM 77.476562 1578323742.1677
CHLD 0 123.109375 1578323742.1894
MEM 77.476562 1578323742.2899
CHLD 0 123.109375 1578323742.3083
MEM 77.476562 1578323742.4090
CHLD 0 123.109375 1578323742.4337
MEM 77.476562 1578323742.5341
CHLD 0 123.109375 1578323742.5474
MEM 77.476562 1578323742.6480
CHLD 0 123.109375 1578323742.6662
MEM 77.476562 1578323742.7665
CHLD 0 123.109375 1578323742.7780
MEM 77.476562 1578323742.8785
CHLD 0 123.109375 1578323742.8983
MEM 77.476562 1578323742.9989
CHLD 0 123.109375 1578323743.0145
MEM 77.476562 1578323743.1150
CHLD 0 123.109375 1578323743.1320
MEM 77.476562 1578323743.2325
CHLD 0 123.109375 1578323743.2498
MEM 77.476562 1578323743.3504
CHLD 0 123.109375 1578323743.3625
MEM 77.476562 1578323743.4629
CHLD 0 123.109375 1578323743.4765
MEM 77.476562 1578323743.5772
CHLD 0 123.109375 1578323743.6056
MEM 77.476562 1578323743.7062
CHLD 0 123.109375 1578323743.7296
MEM 77.476562 1578323743.8302
CHLD 0 123.109375 1578323743.8528
MEM 77.476562 1578323743.9534
CHLD 0 123.109375 1578323743.9681
MEM 77.476562 1578323744.0686
CHLD 0 123.109375 1578323744.0851
MEM 77.476562 1578323744.1857
CHLD 0 123.109375 1578323744.2062
MEM 77.476562 1578323744.3065
CHLD 0 123.109375 1578323744.3142
MEM 77.476562 1578323744.4148
CHLD 0 123.109375 1578323744.4319
MEM 77.476562 1578323744.5323
CHLD 0 123.109375 1578323744.5417
MEM 77.476562 1578323744.6423
CHLD 0 123.109375 1578323744.6623
MEM 77.476562 1578323744.7629
CHLD 0 123.109375 1578323744.7866
MEM 77.476562 1578323744.8872
CHLD 0 123.109375 1578323744.9093
MEM 77.476562 1578323745.0097
CHLD 0 123.109375 1578323745.0224
MEM 77.476562 1578323745.1228
CHLD 0 123.109375 1578323745.1328
MEM 77.476562 1578323745.2332
CHLD 0 123.109375 1578323745.2484
MEM 77.476562 1578323745.3488
CHLD 0 123.109375 1578323745.3636
MEM 77.476562 1578323745.4640
CHLD 0 123.109375 1578323745.4802
MEM 77.476562 1578323745.5807
CHLD 0 123.109375 1578323745.5950
MEM 77.476562 1578323745.6956
CHLD 0 123.109375 1578323745.7113
MEM 77.476562 1578323745.8120
CHLD 0 123.109375 1578323745.8387
MEM 77.476562 1578323745.9394
CHLD 0 123.109375 1578323745.9571
MEM 77.476562 1578323746.0576
CHLD 0 123.109375 1578323746.0748
MEM 77.476562 1578323746.1754
CHLD 0 123.109375 1578323746.1936
MEM 77.476562 1578323746.2943
CHLD 0 123.109375 1578323746.3120
MEM 77.476562 1578323746.4125
CHLD 0 123.109375 1578323746.4296
MEM 77.476562 1578323746.5303
CHLD 0 123.109375 1578323746.5495
MEM 77.476562 1578323746.6499
CHLD 0 123.109375 1578323746.6597
MEM 77.476562 1578323746.7601
CHLD 0 123.109375 1578323746.7703
MEM 77.476562 1578323746.8707
CHLD 0 123.109375 1578323746.8817
MEM 77.476562 1578323746.9822
CHLD 0 123.109375 1578323746.9941
MEM 77.476562 1578323747.0948
CHLD 0 123.109375 1578323747.1054
MEM 77.476562 1578323747.2057
CHLD 0 123.109375 1578323747.2165
MEM 77.476562 1578323747.3168
CHLD 0 123.109375 1578323747.3279
MEM 77.476562 1578323747.4283
CHLD 0 123.109375 1578323747.4366
MEM 77.476562 1578323747.5369
CHLD 0 123.109375 1578323747.5469
MEM 77.476562 1578323747.6473
CHLD 0 123.109375 1578323747.6571
MEM 77.476562 1578323747.7575
CHLD 0 123.109375 1578323747.7678
MEM 77.476562 1578323747.8684
CHLD 0 123.109375 1578323747.8895
MEM 77.476562 1578323747.9898
CHLD 0 123.109375 1578323747.9982
MEM 77.476562 1578323748.0986
CHLD 0 123.109375 1578323748.1091
MEM 77.476562 1578323748.2095
CHLD 0 123.109375 1578323748.2193
MEM 77.476562 1578323748.3197
CHLD 0 123.109375 1578323748.3322
MEM 77.476562 1578323748.4330
CHLD 0 123.109375 1578323748.4579
MEM 77.476562 1578323748.5585
CHLD 0 123.109375 1578323748.5806
MEM 77.476562 1578323748.6811
CHLD 0 123.109375 1578323748.7001
MEM 77.476562 1578323748.8007
CHLD 0 123.109375 1578323748.8289
MEM 77.476562 1578323748.9293
CHLD 0 123.109375 1578323748.9431
MEM 77.476562 1578323749.0436
CHLD 0 123.109375 1578323749.0602
MEM 77.476562 1578323749.1608
CHLD 0 123.109375 1578323749.1800
MEM 77.476562 1578323749.2807
CHLD 0 123.109375 1578323749.3083
MEM 77.476562 1578323749.4087
CHLD 0 123.109375 1578323749.4210
MEM 77.476562 1578323749.5216
CHLD 0 123.109375 1578323749.5346
MEM 77.476562 1578323749.6354
CHLD 0 123.109375 1578323749.6601
MEM 77.476562 1578323749.7607
CHLD 0 123.109375 1578323749.7821
MEM 77.476562 1578323749.8826
CHLD 0 123.109375 1578323749.8972
MEM 77.476562 1578323749.9977
CHLD 0 123.109375 1578323750.0126
MEM 77.476562 1578323750.1131
CHLD 0 123.109375 1578323750.1278
MEM 77.476562 1578323750.2285
CHLD 0 123.109375 1578323750.2518
MEM 77.476562 1578323750.3525
CHLD 0 123.109375 1578323750.3679
MEM 77.476562 1578323750.4686
CHLD 0 123.109375 1578323750.4844
MEM 77.476562 1578323750.5850
CHLD 0 123.109375 1578323750.6007
MEM 77.476562 1578323750.7012
CHLD 0 123.109375 1578323750.7170
MEM 77.476562 1578323750.8176
CHLD 0 123.109375 1578323750.8339
MEM 77.476562 1578323750.9344
CHLD 0 123.109375 1578323750.9505
MEM 77.476562 1578323751.0510
CHLD 0 123.109375 1578323751.0645
MEM 77.476562 1578323751.1648
CHLD 0 123.109375 1578323751.1748
MEM 77.476562 1578323751.2751
CHLD 0 123.109375 1578323751.2859
MEM 77.476562 1578323751.3867
CHLD 0 123.109375 1578323751.4102
MEM 77.476562 1578323751.5106
CHLD 0 123.109375 1578323751.5367
MEM 77.476562 1578323751.6373
CHLD 0 123.109375 1578323751.6524
MEM 77.476562 1578323751.7532
CHLD 0 123.109375 1578323751.7837
MEM 77.476562 1578323751.8843
CHLD 0 123.109375 1578323751.9018
MEM 77.476562 1578323752.0023
CHLD 0 123.109375 1578323752.0203
MEM 77.476562 1578323752.1209
CHLD 0 123.109375 1578323752.1415
MEM 77.476562 1578323752.2421
CHLD 0 123.109375 1578323752.2597
MEM 77.476562 1578323752.3607
CHLD 0 123.109375 1578323752.3818
MEM 77.476562 1578323752.4824
CHLD 0 123.109375 1578323752.5042
MEM 77.476562 1578323752.6048
CHLD 0 123.109375 1578323752.6235
MEM 77.476562 1578323752.7241
CHLD 0 123.109375 1578323752.7459
MEM 77.476562 1578323752.8464
CHLD 0 123.109375 1578323752.8620
MEM 77.476562 1578323752.9626
CHLD 0 123.109375 1578323752.9821
MEM 77.476562 1578323753.0826
CHLD 0 123.109375 1578323753.1002
MEM 77.476562 1578323753.2011
CHLD 0 123.109375 1578323753.2262
MEM 77.476562 1578323753.3269
CHLD 0 123.109375 1578323753.3556
MEM 77.476562 1578323753.4564
CHLD 0 123.109375 1578323753.4734
MEM 77.476562 1578323753.5740
CHLD 0 123.109375 1578323753.5940
MEM 77.476562 1578323753.6946
CHLD 0 123.109375 1578323753.7152
MEM 77.476562 1578323753.8155
CHLD 0 123.109375 1578323753.8235
MEM 77.476562 1578323753.9244
CHLD 0 123.109375 1578323753.9330
MEM 77.476562 1578323754.0334
CHLD 0 123.109375 1578323754.0431
MEM 77.476562 1578323754.1436
CHLD 0 123.109375 1578323754.1527
MEM 77.476562 1578323754.2536
CHLD 0 123.109375 1578323754.2757
MEM 77.476562 1578323754.3771
CHLD 0 123.109375 1578323754.3962
MEM 77.476562 1578323754.4967
CHLD 0 123.109375 1578323754.5129
MEM 77.476562 1578323754.6134
CHLD 0 123.109375 1578323754.6291
MEM 77.476562 1578323754.7296
CHLD 0 123.109375 1578323754.7451
MEM 77.476562 1578323754.8456
CHLD 0 123.109375 1578323754.8657
MEM 77.476562 1578323754.9668
CHLD 0 123.109375 1578323754.9915
MEM 77.476562 1578323755.0918
CHLD 0 123.109375 1578323755.0994
MEM 77.476562 1578323755.1999
CHLD 0 123.109375 1578323755.2188
MEM 77.476562 1578323755.3194
CHLD 0 123.109375 1578323755.3372
MEM 77.476562 1578323755.4377
CHLD 0 123.109375 1578323755.4552
MEM 77.476562 1578323755.5558
CHLD 0 123.109375 1578323755.5825
MEM 77.476562 1578323755.6830
CHLD 0 123.109375 1578323755.7051
MEM 77.476562 1578323755.8054
CHLD 0 123.109375 1578323755.8135
MEM 77.476562 1578323755.9138
CHLD 0 123.109375 1578323755.9221
MEM 77.476562 1578323756.0225
CHLD 0 123.109375 1578323756.0331
MEM 77.476562 1578323756.1338
CHLD 0 123.109375 1578323756.1568
MEM 77.476562 1578323756.2576
CHLD 0 123.109375 1578323756.2849
MEM 77.476562 1578323756.3853
CHLD 0 123.109375 1578323756.3974
MEM 77.476562 1578323756.4983
CHLD 0 123.109375 1578323756.5311
MEM 77.476562 1578323756.6318
CHLD 0 123.109375 1578323756.6662
MEM 77.476562 1578323756.7666
CHLD 0 123.109375 1578323756.7770
MEM 77.476562 1578323756.8788
CHLD 0 123.109375 1578323756.9023
MEM 77.476562 1578323757.0030
CHLD 0 123.109375 1578323757.0266
MEM 77.476562 1578323757.1270
CHLD 0 123.109375 1578323757.1443
MEM 77.476562 1578323757.2452
CHLD 0 123.109375 1578323757.2712
MEM 77.476562 1578323757.3718
CHLD 0 123.109375 1578323757.3923
MEM 77.476562 1578323757.4933
CHLD 0 123.109375 1578323757.5206
MEM 77.476562 1578323757.6210
CHLD 0 123.109375 1578323757.6342
MEM 77.476562 1578323757.7346
CHLD 0 123.109375 1578323757.7477
MEM 77.476562 1578323757.8482
CHLD 0 123.109375 1578323757.8614
MEM 77.476562 1578323757.9619
CHLD 0 123.109375 1578323757.9750
MEM 77.476562 1578323758.0757
CHLD 0 123.109375 1578323758.0915
MEM 77.476562 1578323758.1920
CHLD 0 123.109375 1578323758.2077
MEM 77.476562 1578323758.3083
CHLD 0 123.109375 1578323758.3272
MEM 77.476562 1578323758.4278
CHLD 0 123.109375 1578323758.4533
MEM 77.476562 1578323758.5538
CHLD 0 123.109375 1578323758.5684
MEM 77.476562 1578323758.6689
CHLD 0 123.109375 1578323758.6853
MEM 77.476562 1578323758.7860
CHLD 0 123.109375 1578323758.8007
MEM 77.476562 1578323758.9012
CHLD 0 123.109375 1578323758.9171
MEM 77.476562 1578323759.0178
CHLD 0 123.109375 1578323759.0334
MEM 77.476562 1578323759.1340
CHLD 0 123.109375 1578323759.1486
MEM 77.476562 1578323759.2491
CHLD 0 123.109375 1578323759.2654
MEM 77.476562 1578323759.3660
CHLD 0 123.109375 1578323759.3836
MEM 77.476562 1578323759.4842
CHLD 0 123.109375 1578323759.5065
MEM 77.476562 1578323759.6069
CHLD 0 123.109375 1578323759.6176
MEM 77.476562 1578323759.7182
CHLD 0 123.109375 1578323759.7316
MEM 77.476562 1578323759.8320
CHLD 0 123.109375 1578323759.8401
MEM 77.476562 1578323759.9406
CHLD 0 123.109375 1578323759.9535
MEM 77.476562 1578323760.0540
CHLD 0 123.109375 1578323760.0678
MEM 77.476562 1578323760.1683
CHLD 0 123.109375 1578323760.1845
MEM 77.476562 1578323760.2850
CHLD 0 123.109375 1578323760.2997
MEM 77.476562 1578323760.4004
CHLD 0 123.109375 1578323760.4292
MEM 77.476562 1578323760.5298
CHLD 0 123.109375 1578323760.5495
MEM 77.476562 1578323760.6502
CHLD 0 123.109375 1578323760.6697
MEM 77.476562 1578323760.7701
CHLD 0 123.109375 1578323760.7842
MEM 77.476562 1578323760.8846
CHLD 0 123.109375 1578323760.8949
MEM 77.476562 1578323760.9954
CHLD 0 123.109375 1578323761.0063
MEM 77.476562 1578323761.1067
CHLD 0 123.109375 1578323761.1177
MEM 77.476562 1578323761.2182
CHLD 0 123.109375 1578323761.2299
MEM 77.476562 1578323761.3303
CHLD 0 123.109375 1578323761.3416
MEM 77.476562 1578323761.4420
CHLD 0 123.109375 1578323761.4534
MEM 77.476562 1578323761.5538
CHLD 0 123.109375 1578323761.5661
MEM 77.476562 1578323761.6664
CHLD 0 123.109375 1578323761.6783
MEM 77.476562 1578323761.7787
CHLD 0 123.109375 1578323761.7902
MEM 77.476562 1578323761.8906
CHLD 0 123.109375 1578323761.9049
MEM 77.476562 1578323762.0054
CHLD 0 123.109375 1578323762.0202
MEM 77.476562 1578323762.1209
CHLD 0 123.109375 1578323762.1507
MEM 77.476562 1578323762.2511
CHLD 0 123.109375 1578323762.2659
MEM 76.144531 1578323762.3662
CHLD 0 123.128906 1578323762.3761
MEM 76.144531 1578323762.4767
CHLD 0 123.273438 1578323762.4904
MEM 76.144531 1578323762.5912
CHLD 0 123.273438 1578323762.6212
MEM 76.152344 1578323762.7218
