CMDLINE /usr/bin/python3 main.py
MEM 1.320312 1578827229.4931
MEM 20.742188 1578827229.6009
MEM 28.351562 1578827229.7172
MEM 56.625000 1578827229.8310
CHLD 0 52.875000 1578827229.8414
MEM 56.625000 1578827229.9419
CHLD 0 81.976562 1578827229.9547
MEM 56.625000 1578827230.0551
CHLD 0 81.976562 1578827230.0636
MEM 56.625000 1578827230.1642
CHLD 0 81.976562 1578827230.1791
MEM 56.625000 1578827230.2802
CHLD 0 81.976562 1578827230.3049
MEM 56.625000 1578827230.4060
CHLD 0 81.976562 1578827230.4235
MEM 56.625000 1578827230.5239
CHLD 0 81.976562 1578827230.5355
MEM 56.625000 1578827230.6364
CHLD 0 81.976562 1578827230.6608
MEM 56.625000 1578827230.7614
CHLD 0 81.976562 1578827230.7701
MEM 56.625000 1578827230.8711
CHLD 0 81.976562 1578827230.8953
MEM 56.625000 1578827230.9961
CHLD 0 81.976562 1578827231.0206
MEM 56.625000 1578827231.1213
CHLD 0 81.976562 1578827231.1451
MEM 56.625000 1578827231.2460
CHLD 0 81.976562 1578827231.2568
MEM 56.625000 1578827231.3575
CHLD 0 81.976562 1578827231.3823
MEM 56.625000 1578827231.4830
CHLD 0 81.976562 1578827231.5074
MEM 56.625000 1578827231.6082
CHLD 0 81.976562 1578827231.6332
MEM 56.625000 1578827231.7340
CHLD 0 81.976562 1578827231.7619
MEM 56.625000 1578827231.8626
CHLD 0 81.976562 1578827231.8870
MEM 56.625000 1578827231.9876
CHLD 0 81.976562 1578827232.0136
MEM 56.625000 1578827232.1143
CHLD 0 81.976562 1578827232.1384
MEM 56.625000 1578827232.2391
CHLD 0 81.976562 1578827232.2630
MEM 56.625000 1578827232.3637
CHLD 0 81.976562 1578827232.3876
MEM 56.625000 1578827232.4883
CHLD 0 81.976562 1578827232.5119
MEM 56.625000 1578827232.6126
CHLD 0 81.976562 1578827232.6371
MEM 56.625000 1578827232.7379
CHLD 0 81.976562 1578827232.7621
MEM 56.625000 1578827232.8627
CHLD 0 81.976562 1578827232.8868
MEM 56.625000 1578827232.9874
CHLD 0 81.976562 1578827233.0110
MEM 56.625000 1578827233.1116
CHLD 0 81.976562 1578827233.1313
MEM 56.625000 1578827233.2321
CHLD 0 81.976562 1578827233.2563
MEM 56.625000 1578827233.3570
CHLD 0 81.976562 1578827233.3821
MEM 56.625000 1578827233.4830
CHLD 0 82.945312 1578827233.5100
MEM 56.625000 1578827233.6111
CHLD 0 82.945312 1578827233.6411
MEM 56.625000 1578827233.7420
CHLD 0 82.945312 1578827233.7673
MEM 56.625000 1578827233.8682
CHLD 0 82.945312 1578827233.9026
MEM 56.625000 1578827234.0033
CHLD 0 82.945312 1578827234.0284
MEM 56.625000 1578827234.1291
CHLD 0 82.945312 1578827234.1548
MEM 56.625000 1578827234.2558
CHLD 0 82.945312 1578827234.2804
MEM 56.625000 1578827234.3814
CHLD 0 82.945312 1578827234.4071
MEM 56.625000 1578827234.5082
CHLD 0 82.945312 1578827234.5337
MEM 56.625000 1578827234.6342
CHLD 0 86.988281 1578827234.6431
MEM 56.625000 1578827234.7442
CHLD 0 86.988281 1578827234.7701
MEM 56.625000 1578827234.8713
CHLD 0 86.988281 1578827234.9000
MEM 56.625000 1578827235.0006
CHLD 0 86.988281 1578827235.0248
MEM 56.625000 1578827235.1255
CHLD 0 86.988281 1578827235.1500
MEM 56.625000 1578827235.2507
CHLD 0 86.988281 1578827235.2751
MEM 56.625000 1578827235.3757
CHLD 0 86.988281 1578827235.3998
MEM 56.625000 1578827235.5005
CHLD 0 86.988281 1578827235.5255
MEM 56.625000 1578827235.6262
CHLD 0 86.988281 1578827235.6516
MEM 56.625000 1578827235.7524
CHLD 0 86.988281 1578827235.7766
MEM 56.625000 1578827235.8773
CHLD 0 86.988281 1578827235.9013
MEM 56.625000 1578827236.0019
CHLD 0 86.988281 1578827236.0269
MEM 56.625000 1578827236.1272
CHLD 0 86.988281 1578827236.1332
MEM 56.625000 1578827236.2335
CHLD 0 86.988281 1578827236.2394
MEM 56.625000 1578827236.3396
CHLD 0 86.988281 1578827236.3451
MEM 56.625000 1578827236.4453
CHLD 0 86.988281 1578827236.4508
MEM 56.625000 1578827236.5514
CHLD 0 86.988281 1578827236.5755
MEM 56.625000 1578827236.6762
CHLD 0 86.988281 1578827236.7007
MEM 56.625000 1578827236.8014
CHLD 0 86.988281 1578827236.8260
MEM 56.625000 1578827236.9267
CHLD 0 86.988281 1578827236.9522
MEM 56.625000 1578827237.0528
CHLD 0 86.988281 1578827237.0766
MEM 56.625000 1578827237.1773
CHLD 0 86.988281 1578827237.2026
MEM 56.625000 1578827237.3032
CHLD 0 86.988281 1578827237.3279
MEM 56.625000 1578827237.4286
CHLD 0 86.988281 1578827237.4520
MEM 56.625000 1578827237.5526
CHLD 0 86.988281 1578827237.5765
MEM 56.625000 1578827237.6771
CHLD 0 86.988281 1578827237.7024
MEM 56.625000 1578827237.8031
CHLD 0 86.988281 1578827237.8276
MEM 56.625000 1578827237.9284
CHLD 0 86.988281 1578827237.9536
MEM 56.625000 1578827238.0544
CHLD 0 86.988281 1578827238.0789
MEM 56.625000 1578827238.1796
CHLD 0 86.988281 1578827238.2051
MEM 56.625000 1578827238.3058
CHLD 0 86.988281 1578827238.3294
MEM 56.625000 1578827238.4301
CHLD 0 86.988281 1578827238.4540
MEM 56.625000 1578827238.5546
CHLD 0 86.988281 1578827238.5783
MEM 56.625000 1578827238.6788
CHLD 0 86.988281 1578827238.7008
MEM 56.625000 1578827238.8015
CHLD 0 86.988281 1578827238.8259
MEM 56.625000 1578827238.9265
CHLD 0 86.988281 1578827238.9507
MEM 56.625000 1578827239.0513
CHLD 0 86.988281 1578827239.0750
MEM 56.625000 1578827239.1755
CHLD 0 86.988281 1578827239.1891
MEM 56.625000 1578827239.2894
CHLD 0 90.371094 1578827239.2955
MEM 56.625000 1578827239.3959
CHLD 0 90.593750 1578827239.4117
MEM 56.625000 1578827239.5121
CHLD 0 90.593750 1578827239.5236
MEM 56.625000 1578827239.6240
CHLD 0 90.593750 1578827239.6361
MEM 56.625000 1578827239.7366
CHLD 0 90.593750 1578827239.7468
MEM 56.625000 1578827239.8472
CHLD 0 90.593750 1578827239.8574
MEM 56.625000 1578827239.9578
CHLD 0 90.593750 1578827239.9691
MEM 56.625000 1578827240.0695
CHLD 0 90.593750 1578827240.0816
MEM 56.625000 1578827240.1819
CHLD 0 90.593750 1578827240.1874
MEM 56.625000 1578827240.2877
CHLD 0 90.593750 1578827240.2942
MEM 56.625000 1578827240.3945
CHLD 0 90.593750 1578827240.3995
MEM 56.625000 1578827240.4997
CHLD 0 90.593750 1578827240.5050
MEM 56.625000 1578827240.6055
CHLD 0 90.593750 1578827240.6175
MEM 56.625000 1578827240.7179
CHLD 0 90.593750 1578827240.7235
MEM 56.625000 1578827240.8238
CHLD 0 90.593750 1578827240.8291
MEM 56.625000 1578827240.9294
CHLD 0 90.593750 1578827240.9346
MEM 56.625000 1578827241.0351
CHLD 0 90.593750 1578827241.0437
MEM 56.625000 1578827241.1441
CHLD 0 90.593750 1578827241.1500
MEM 56.625000 1578827241.2504
CHLD 0 90.593750 1578827241.2574
MEM 56.625000 1578827241.3577
CHLD 0 90.593750 1578827241.3629
MEM 56.625000 1578827241.4632
CHLD 0 90.593750 1578827241.4686
MEM 56.625000 1578827241.5691
CHLD 0 90.593750 1578827241.5748
MEM 56.625000 1578827241.6753
CHLD 0 90.593750 1578827241.6825
MEM 56.625000 1578827241.7831
CHLD 0 90.593750 1578827241.8026
MEM 56.625000 1578827241.9031
CHLD 0 90.593750 1578827241.9161
MEM 56.625000 1578827242.0165
CHLD 0 90.593750 1578827242.0298
MEM 56.625000 1578827242.1303
CHLD 0 90.593750 1578827242.1432
MEM 56.625000 1578827242.2436
CHLD 0 90.593750 1578827242.2502
MEM 56.625000 1578827242.3505
CHLD 0 90.593750 1578827242.3559
MEM 56.625000 1578827242.4562
CHLD 0 90.593750 1578827242.4616
MEM 56.625000 1578827242.5619
CHLD 0 90.593750 1578827242.5670
MEM 56.625000 1578827242.6673
CHLD 0 90.593750 1578827242.6727
MEM 56.625000 1578827242.7729
CHLD 0 90.593750 1578827242.7782
MEM 56.625000 1578827242.8785
CHLD 0 90.593750 1578827242.8842
MEM 56.625000 1578827242.9845
CHLD 0 90.593750 1578827242.9907
MEM 56.625000 1578827243.0909
CHLD 0 90.593750 1578827243.0962
MEM 56.625000 1578827243.1964
CHLD 0 90.593750 1578827243.2016
MEM 56.625000 1578827243.3019
CHLD 0 90.593750 1578827243.3077
MEM 56.625000 1578827243.4079
CHLD 0 90.593750 1578827243.4130
MEM 56.625000 1578827243.5133
CHLD 0 90.593750 1578827243.5183
MEM 56.625000 1578827243.6186
CHLD 0 90.593750 1578827243.6249
MEM 56.625000 1578827243.7252
CHLD 0 90.593750 1578827243.7305
MEM 56.625000 1578827243.8308
CHLD 0 90.593750 1578827243.8365
MEM 56.625000 1578827243.9368
CHLD 0 90.593750 1578827243.9421
MEM 56.625000 1578827244.0423
CHLD 0 90.593750 1578827244.0476
MEM 56.625000 1578827244.1479
CHLD 0 90.593750 1578827244.1535
MEM 56.625000 1578827244.2538
CHLD 0 90.593750 1578827244.2592
MEM 56.625000 1578827244.3595
CHLD 0 90.593750 1578827244.3655
MEM 56.625000 1578827244.4658
CHLD 0 90.593750 1578827244.4712
MEM 56.625000 1578827244.5715
CHLD 0 90.593750 1578827244.5767
MEM 56.625000 1578827244.6770
CHLD 0 90.593750 1578827244.6825
MEM 56.625000 1578827244.7828
CHLD 0 90.593750 1578827244.7882
MEM 56.625000 1578827244.8885
CHLD 0 90.593750 1578827244.8937
MEM 56.625000 1578827244.9939
CHLD 0 90.593750 1578827244.9996
MEM 56.625000 1578827245.0999
CHLD 0 90.593750 1578827245.1054
MEM 56.625000 1578827245.2058
CHLD 0 90.593750 1578827245.2119
MEM 58.308594 1578827245.3123
CHLD 0 90.917969 1578827245.3184
MEM 59.242188 1578827245.4187
CHLD 0 90.917969 1578827245.4239
MEM 59.242188 1578827245.5242
CHLD 0 90.917969 1578827245.5293
MEM 59.242188 1578827245.6296
CHLD 0 90.917969 1578827245.6352
MEM 59.242188 1578827245.7355
CHLD 0 90.917969 1578827245.7419
MEM 59.242188 1578827245.8422
CHLD 0 90.917969 1578827245.8478
MEM 59.242188 1578827245.9482
CHLD 0 90.917969 1578827245.9547
MEM 59.242188 1578827246.0551
CHLD 0 90.917969 1578827246.0676
MEM 59.242188 1578827246.1682
CHLD 0 90.917969 1578827246.1930
MEM 59.242188 1578827246.2938
CHLD 0 90.917969 1578827246.3180
MEM 59.242188 1578827246.4187
CHLD 0 90.917969 1578827246.4441
MEM 59.242188 1578827246.5448
CHLD 0 90.917969 1578827246.5712
MEM 59.242188 1578827246.6720
CHLD 0 90.917969 1578827246.6984
MEM 59.242188 1578827246.7988
CHLD 0 90.917969 1578827246.8051
MEM 59.242188 1578827246.9055
CHLD 0 90.917969 1578827246.9123
MEM 59.242188 1578827247.0128
CHLD 0 90.917969 1578827247.0239
MEM 59.242188 1578827247.1246
CHLD 0 90.917969 1578827247.1490
MEM 59.242188 1578827247.2499
CHLD 0 90.917969 1578827247.2744
MEM 59.242188 1578827247.3752
CHLD 0 90.917969 1578827247.3991
MEM 59.242188 1578827247.4998
CHLD 0 90.917969 1578827247.5239
MEM 59.242188 1578827247.6246
CHLD 0 90.917969 1578827247.6491
MEM 59.242188 1578827247.7499
CHLD 0 90.917969 1578827247.7579
MEM 59.242188 1578827247.8586
CHLD 0 90.917969 1578827247.8829
MEM 59.242188 1578827247.9835
CHLD 0 90.917969 1578827248.0075
MEM 59.242188 1578827248.1082
CHLD 0 90.917969 1578827248.1326
MEM 59.242188 1578827248.2334
CHLD 0 90.917969 1578827248.2581
MEM 59.242188 1578827248.3588
CHLD 0 90.917969 1578827248.3843
MEM 59.242188 1578827248.4850
CHLD 0 90.917969 1578827248.5092
MEM 59.242188 1578827248.6099
CHLD 0 90.917969 1578827248.6353
MEM 59.242188 1578827248.7360
CHLD 0 90.917969 1578827248.7602
MEM 59.242188 1578827248.8609
CHLD 0 90.917969 1578827248.8877
MEM 59.242188 1578827248.9884
CHLD 0 90.917969 1578827249.0136
MEM 59.242188 1578827249.1139
CHLD 0 90.917969 1578827249.1193
MEM 59.242188 1578827249.2199
CHLD 0 90.917969 1578827249.2444
MEM 59.242188 1578827249.3452
CHLD 0 90.917969 1578827249.3720
MEM 59.242188 1578827249.4727
CHLD 0 90.917969 1578827249.4973
MEM 59.242188 1578827249.5981
CHLD 0 90.917969 1578827249.6229
MEM 59.242188 1578827249.7236
CHLD 0 90.917969 1578827249.7493
MEM 59.242188 1578827249.8501
CHLD 0 90.917969 1578827249.8745
MEM 59.242188 1578827249.9752
CHLD 0 90.917969 1578827249.9997
MEM 59.242188 1578827250.1001
CHLD 0 90.917969 1578827250.1070
MEM 59.242188 1578827250.2077
CHLD 0 90.917969 1578827250.2322
MEM 59.242188 1578827250.3329
CHLD 0 90.917969 1578827250.3569
MEM 59.242188 1578827250.4576
CHLD 0 90.917969 1578827250.4830
MEM 59.242188 1578827250.5837
CHLD 0 90.917969 1578827250.6080
MEM 59.242188 1578827250.7087
CHLD 0 90.917969 1578827250.7351
MEM 59.242188 1578827250.8355
CHLD 0 90.917969 1578827250.8426
MEM 59.242188 1578827250.9433
CHLD 0 90.917969 1578827250.9692
MEM 59.242188 1578827251.0700
CHLD 0 90.917969 1578827251.0960
MEM 59.242188 1578827251.1967
CHLD 0 90.917969 1578827251.2225
MEM 59.242188 1578827251.3233
CHLD 0 90.917969 1578827251.3483
MEM 59.242188 1578827251.4491
CHLD 0 90.917969 1578827251.4751
MEM 59.242188 1578827251.5758
CHLD 0 90.917969 1578827251.6013
MEM 59.242188 1578827251.7021
CHLD 0 90.917969 1578827251.7290
MEM 59.242188 1578827251.8299
CHLD 0 90.917969 1578827251.8448
MEM 59.242188 1578827251.9454
CHLD 0 90.917969 1578827251.9734
MEM 59.242188 1578827252.0742
CHLD 0 90.917969 1578827252.0986
MEM 59.242188 1578827252.1994
CHLD 0 90.917969 1578827252.2235
MEM 59.242188 1578827252.3242
CHLD 0 90.917969 1578827252.3486
MEM 59.242188 1578827252.4492
CHLD 0 90.917969 1578827252.4735
MEM 59.242188 1578827252.5742
CHLD 0 90.917969 1578827252.5985
MEM 59.242188 1578827252.6992
CHLD 0 90.917969 1578827252.7249
MEM 59.242188 1578827252.8258
CHLD 0 90.917969 1578827252.8501
MEM 59.242188 1578827252.9508
CHLD 0 90.917969 1578827252.9784
MEM 59.242188 1578827253.0791
CHLD 0 90.917969 1578827253.1036
MEM 59.242188 1578827253.2044
CHLD 0 90.917969 1578827253.2294
MEM 59.242188 1578827253.3304
CHLD 0 90.917969 1578827253.3557
MEM 59.242188 1578827253.4565
CHLD 0 90.917969 1578827253.4815
MEM 59.242188 1578827253.5823
CHLD 0 90.917969 1578827253.6069
MEM 59.242188 1578827253.7076
CHLD 0 90.917969 1578827253.7321
MEM 59.242188 1578827253.8329
CHLD 0 90.917969 1578827253.8577
MEM 59.242188 1578827253.9583
CHLD 0 90.917969 1578827253.9829
MEM 59.242188 1578827254.0836
CHLD 0 90.917969 1578827254.1082
MEM 59.242188 1578827254.2089
CHLD 0 90.917969 1578827254.2242
MEM 59.242188 1578827254.3250
CHLD 0 90.917969 1578827254.3496
MEM 59.242188 1578827254.4503
CHLD 0 90.917969 1578827254.4745
MEM 59.242188 1578827254.5752
CHLD 0 90.917969 1578827254.5993
MEM 59.242188 1578827254.6998
CHLD 0 90.917969 1578827254.7115
MEM 59.242188 1578827254.8123
CHLD 0 90.917969 1578827254.8379
MEM 59.242188 1578827254.9386
CHLD 0 90.917969 1578827254.9662
MEM 59.242188 1578827255.0669
CHLD 0 90.917969 1578827255.0912
MEM 59.242188 1578827255.1919
CHLD 0 90.917969 1578827255.2164
MEM 59.242188 1578827255.3171
CHLD 0 90.917969 1578827255.3487
MEM 59.242188 1578827255.4492
CHLD 0 90.917969 1578827255.4722
MEM 59.242188 1578827255.5729
CHLD 0 90.917969 1578827255.6000
MEM 59.242188 1578827255.7004
CHLD 0 90.917969 1578827255.7070
MEM 59.242188 1578827255.8073
CHLD 0 90.917969 1578827255.8128
MEM 59.242188 1578827255.9131
CHLD 0 90.917969 1578827255.9195
MEM 59.242188 1578827256.0198
CHLD 0 90.917969 1578827256.0304
MEM 59.242188 1578827256.1311
CHLD 0 90.917969 1578827256.1581
MEM 59.242188 1578827256.2588
CHLD 0 90.917969 1578827256.2829
MEM 59.242188 1578827256.3836
CHLD 0 90.917969 1578827256.4069
MEM 59.242188 1578827256.5076
CHLD 0 90.917969 1578827256.5318
MEM 59.242188 1578827256.6325
CHLD 0 90.917969 1578827256.6571
MEM 59.242188 1578827256.7579
CHLD 0 90.917969 1578827256.7818
MEM 59.242188 1578827256.8825
CHLD 0 90.917969 1578827256.9065
MEM 59.242188 1578827257.0072
CHLD 0 90.917969 1578827257.0312
MEM 59.242188 1578827257.1320
CHLD 0 90.917969 1578827257.1564
MEM 59.242188 1578827257.2571
CHLD 0 90.917969 1578827257.2839
MEM 59.242188 1578827257.3847
CHLD 0 90.917969 1578827257.4114
MEM 59.242188 1578827257.5121
CHLD 0 90.917969 1578827257.5381
MEM 59.242188 1578827257.6389
CHLD 0 90.917969 1578827257.6528
MEM 59.242188 1578827257.7536
CHLD 0 90.917969 1578827257.7788
MEM 59.242188 1578827257.8792
CHLD 0 90.917969 1578827257.8857
MEM 59.242188 1578827257.9864
CHLD 0 90.917969 1578827258.0114
MEM 59.242188 1578827258.1121
CHLD 0 90.917969 1578827258.1385
MEM 59.242188 1578827258.2392
CHLD 0 90.917969 1578827258.2639
MEM 59.242188 1578827258.3646
CHLD 0 90.917969 1578827258.3896
MEM 59.242188 1578827258.4903
CHLD 0 90.917969 1578827258.5152
MEM 59.242188 1578827258.6160
CHLD 0 90.917969 1578827258.6412
MEM 59.242188 1578827258.7420
CHLD 0 90.917969 1578827258.7702
MEM 59.242188 1578827258.8710
CHLD 0 90.917969 1578827258.8961
MEM 59.242188 1578827258.9968
CHLD 0 90.917969 1578827259.0215
MEM 59.242188 1578827259.1219
CHLD 0 90.917969 1578827259.1280
MEM 59.242188 1578827259.2287
CHLD 0 90.917969 1578827259.2540
MEM 59.242188 1578827259.3548
CHLD 0 90.917969 1578827259.3821
MEM 59.242188 1578827259.4831
CHLD 0 90.917969 1578827259.5141
MEM 59.242188 1578827259.6150
CHLD 0 90.917969 1578827259.6407
MEM 59.242188 1578827259.7414
CHLD 0 90.917969 1578827259.7664
MEM 59.242188 1578827259.8672
CHLD 0 90.917969 1578827259.8916
MEM 59.242188 1578827259.9922
CHLD 0 90.917969 1578827260.0260
MEM 59.242188 1578827260.1268
CHLD 0 90.917969 1578827260.1520
MEM 59.242188 1578827260.2527
CHLD 0 90.917969 1578827260.2592
MEM 59.242188 1578827260.3599
CHLD 0 90.917969 1578827260.3851
MEM 59.242188 1578827260.4858
CHLD 0 90.917969 1578827260.5103
MEM 59.242188 1578827260.6110
CHLD 0 90.917969 1578827260.6369
MEM 59.242188 1578827260.7377
CHLD 0 90.917969 1578827260.7631
MEM 59.242188 1578827260.8639
CHLD 0 90.917969 1578827260.8892
MEM 59.242188 1578827260.9899
CHLD 0 90.917969 1578827261.0151
MEM 59.242188 1578827261.1158
CHLD 0 90.917969 1578827261.1407
MEM 59.242188 1578827261.2414
CHLD 0 90.917969 1578827261.2676
MEM 59.242188 1578827261.3683
CHLD 0 90.917969 1578827261.3939
MEM 59.242188 1578827261.4947
CHLD 0 90.917969 1578827261.5198
MEM 59.242188 1578827261.6206
CHLD 0 90.917969 1578827261.6449
MEM 59.242188 1578827261.7457
CHLD 0 90.917969 1578827261.7698
MEM 59.242188 1578827261.8704
CHLD 0 90.917969 1578827261.8981
MEM 59.242188 1578827261.9988
CHLD 0 90.917969 1578827262.0247
MEM 59.242188 1578827262.1254
CHLD 0 90.917969 1578827262.1536
MEM 59.242188 1578827262.2543
CHLD 0 90.917969 1578827262.2827
MEM 59.242188 1578827262.3833
CHLD 0 90.917969 1578827262.4095
MEM 59.242188 1578827262.5102
CHLD 0 90.917969 1578827262.5385
MEM 59.242188 1578827262.6392
CHLD 0 90.917969 1578827262.6681
MEM 59.242188 1578827262.7684
CHLD 0 90.917969 1578827262.7772
MEM 59.242188 1578827262.8776
CHLD 0 90.917969 1578827262.8877
MEM 59.242188 1578827262.9880
CHLD 0 90.917969 1578827262.9962
MEM 59.242188 1578827263.0967
CHLD 0 90.917969 1578827263.1103
MEM 59.242188 1578827263.2111
CHLD 0 90.917969 1578827263.2380
MEM 59.242188 1578827263.3393
CHLD 0 90.917969 1578827263.3553
MEM 59.242188 1578827263.4558
CHLD 0 90.917969 1578827263.4719
MEM 59.242188 1578827263.5724
CHLD 0 90.917969 1578827263.5879
MEM 59.242188 1578827263.6886
CHLD 0 90.917969 1578827263.7177
MEM 59.242188 1578827263.8182
CHLD 0 90.917969 1578827263.8359
MEM 59.242188 1578827263.9366
CHLD 0 90.917969 1578827263.9589
MEM 59.242188 1578827264.0596
CHLD 0 90.917969 1578827264.0885
MEM 59.242188 1578827264.1892
CHLD 0 90.917969 1578827264.2180
MEM 59.242188 1578827264.3187
CHLD 0 90.917969 1578827264.3459
MEM 59.242188 1578827264.4466
CHLD 0 90.917969 1578827264.4724
MEM 59.242188 1578827264.5731
CHLD 0 90.917969 1578827264.5975
MEM 59.242188 1578827264.6983
CHLD 0 90.917969 1578827264.7250
MEM 59.242188 1578827264.8259
CHLD 0 90.917969 1578827264.8524
MEM 59.242188 1578827264.9531
CHLD 0 90.917969 1578827264.9822
MEM 59.242188 1578827265.0829
CHLD 0 90.917969 1578827265.1087
MEM 59.242188 1578827265.2097
CHLD 0 90.917969 1578827265.2354
MEM 59.242188 1578827265.3361
CHLD 0 90.917969 1578827265.3627
MEM 59.242188 1578827265.4634
CHLD 0 90.917969 1578827265.4900
MEM 59.242188 1578827265.5907
CHLD 0 90.917969 1578827265.6185
MEM 59.242188 1578827265.7193
CHLD 0 90.917969 1578827265.7440
MEM 59.242188 1578827265.8447
CHLD 0 90.917969 1578827265.8712
MEM 59.242188 1578827265.9719
CHLD 0 90.917969 1578827265.9981
MEM 59.242188 1578827266.0987
CHLD 0 90.917969 1578827266.1268
MEM 59.242188 1578827266.2276
CHLD 0 90.917969 1578827266.2541
MEM 59.242188 1578827266.3548
CHLD 0 90.917969 1578827266.3800
MEM 59.242188 1578827266.4807
CHLD 0 90.917969 1578827266.5058
MEM 59.242188 1578827266.6064
CHLD 0 90.917969 1578827266.6336
MEM 59.242188 1578827266.7342
CHLD 0 90.917969 1578827266.7587
MEM 59.242188 1578827266.8594
CHLD 0 90.917969 1578827266.8843
MEM 59.242188 1578827266.9850
CHLD 0 90.917969 1578827267.0113
MEM 59.242188 1578827267.1119
CHLD 0 90.917969 1578827267.1405
MEM 59.242188 1578827267.2411
CHLD 0 90.917969 1578827267.2653
MEM 59.242188 1578827267.3661
CHLD 0 90.917969 1578827267.3910
MEM 59.242188 1578827267.4918
CHLD 0 90.917969 1578827267.5173
MEM 59.242188 1578827267.6181
CHLD 0 90.917969 1578827267.6434
MEM 59.242188 1578827267.7441
CHLD 0 90.917969 1578827267.7691
MEM 59.242188 1578827267.8699
CHLD 0 90.917969 1578827267.8942
MEM 59.242188 1578827267.9949
CHLD 0 90.917969 1578827268.0202
MEM 59.242188 1578827268.1211
CHLD 0 90.917969 1578827268.1467
MEM 59.242188 1578827268.2474
CHLD 0 90.917969 1578827268.2739
MEM 59.242188 1578827268.3746
CHLD 0 90.917969 1578827268.4003
MEM 59.242188 1578827268.5010
CHLD 0 90.917969 1578827268.5275
MEM 59.242188 1578827268.6279
CHLD 0 90.917969 1578827268.6344
MEM 59.242188 1578827268.7350
CHLD 0 90.917969 1578827268.7579
MEM 59.242188 1578827268.8586
CHLD 0 90.917969 1578827268.8860
MEM 59.242188 1578827268.9866
CHLD 0 90.917969 1578827269.0122
MEM 59.242188 1578827269.1128
CHLD 0 90.917969 1578827269.1424
MEM 59.242188 1578827269.2431
CHLD 0 90.917969 1578827269.2702
MEM 59.242188 1578827269.3709
CHLD 0 90.917969 1578827269.3965
MEM 59.242188 1578827269.4973
CHLD 0 90.917969 1578827269.5244
MEM 59.242188 1578827269.6253
CHLD 0 90.917969 1578827269.6476
MEM 59.242188 1578827269.7483
CHLD 0 90.917969 1578827269.7774
MEM 59.242188 1578827269.8781
CHLD 0 90.917969 1578827269.9039
MEM 59.242188 1578827270.0046
CHLD 0 90.917969 1578827270.0321
MEM 59.242188 1578827270.1328
CHLD 0 90.917969 1578827270.1608
MEM 59.242188 1578827270.2615
CHLD 0 90.917969 1578827270.2693
MEM 59.242188 1578827270.3701
CHLD 0 90.917969 1578827270.3970
MEM 59.242188 1578827270.4978
CHLD 0 90.917969 1578827270.5254
MEM 59.242188 1578827270.6262
CHLD 0 90.917969 1578827270.6531
MEM 59.242188 1578827270.7539
CHLD 0 90.917969 1578827270.7809
MEM 59.242188 1578827270.8816
CHLD 0 90.917969 1578827270.9097
MEM 59.242188 1578827271.0104
CHLD 0 90.917969 1578827271.0378
MEM 59.242188 1578827271.1386
CHLD 0 90.917969 1578827271.1654
MEM 59.242188 1578827271.2661
CHLD 0 90.917969 1578827271.2939
MEM 59.242188 1578827271.3946
CHLD 0 90.917969 1578827271.4214
MEM 59.242188 1578827271.5222
CHLD 0 90.917969 1578827271.5494
MEM 59.242188 1578827271.6501
CHLD 0 90.917969 1578827271.6780
MEM 59.242188 1578827271.7787
CHLD 0 90.917969 1578827271.8056
MEM 59.242188 1578827271.9062
CHLD 0 90.917969 1578827271.9192
MEM 59.242188 1578827272.0199
CHLD 0 90.917969 1578827272.0472
MEM 59.242188 1578827272.1479
CHLD 0 90.917969 1578827272.1662
MEM 59.242188 1578827272.2668
CHLD 0 90.917969 1578827272.2945
MEM 59.242188 1578827272.3952
CHLD 0 90.917969 1578827272.4216
MEM 59.242188 1578827272.5223
CHLD 0 90.917969 1578827272.5495
MEM 59.242188 1578827272.6504
CHLD 0 90.917969 1578827272.6779
MEM 59.242188 1578827272.7786
CHLD 0 90.917969 1578827272.8054
MEM 59.242188 1578827272.9062
CHLD 0 90.917969 1578827272.9337
MEM 59.242188 1578827273.0344
CHLD 0 90.917969 1578827273.0619
MEM 59.242188 1578827273.1628
CHLD 0 90.917969 1578827273.1887
MEM 59.242188 1578827273.2894
CHLD 0 90.917969 1578827273.3153
MEM 59.242188 1578827273.4159
CHLD 0 90.917969 1578827273.4418
MEM 59.242188 1578827273.5425
CHLD 0 90.917969 1578827273.5705
MEM 59.242188 1578827273.6713
CHLD 0 90.917969 1578827273.6959
MEM 59.242188 1578827273.7966
CHLD 0 90.917969 1578827273.8218
MEM 59.242188 1578827273.9225
CHLD 0 90.917969 1578827273.9486
MEM 59.242188 1578827274.0493
CHLD 0 90.917969 1578827274.0750
MEM 59.242188 1578827274.1756
CHLD 0 90.917969 1578827274.2005
MEM 59.242188 1578827274.3012
CHLD 0 90.917969 1578827274.3273
MEM 59.242188 1578827274.4280
CHLD 0 90.917969 1578827274.4524
MEM 59.242188 1578827274.5531
CHLD 0 90.917969 1578827274.5786
MEM 59.242188 1578827274.6793
CHLD 0 90.917969 1578827274.7056
MEM 59.242188 1578827274.8063
CHLD 0 90.917969 1578827274.8330
MEM 59.242188 1578827274.9341
CHLD 0 90.917969 1578827274.9610
MEM 59.242188 1578827275.0617
CHLD 0 90.917969 1578827275.0870
MEM 59.242188 1578827275.1873
CHLD 0 90.917969 1578827275.1939
MEM 59.242188 1578827275.2946
CHLD 0 90.917969 1578827275.3195
MEM 59.242188 1578827275.4202
CHLD 0 90.917969 1578827275.4448
MEM 59.242188 1578827275.5458
CHLD 0 90.917969 1578827275.5729
MEM 59.242188 1578827275.6737
CHLD 0 90.917969 1578827275.6978
MEM 59.242188 1578827275.7986
CHLD 0 90.917969 1578827275.8245
MEM 59.242188 1578827275.9253
CHLD 0 90.917969 1578827275.9503
MEM 59.242188 1578827276.0508
CHLD 0 90.917969 1578827276.0707
MEM 59.242188 1578827276.1714
CHLD 0 90.917969 1578827276.1932
MEM 59.242188 1578827276.2939
CHLD 0 90.917969 1578827276.3179
MEM 59.242188 1578827276.4186
CHLD 0 90.917969 1578827276.4436
MEM 59.242188 1578827276.5444
CHLD 0 90.917969 1578827276.5698
MEM 59.242188 1578827276.6706
CHLD 0 90.917969 1578827276.6979
MEM 59.242188 1578827276.7989
CHLD 0 90.917969 1578827276.8264
MEM 59.242188 1578827276.9272
CHLD 0 90.917969 1578827276.9546
MEM 59.242188 1578827277.0549
CHLD 0 90.917969 1578827277.0617
MEM 59.242188 1578827277.1624
CHLD 0 90.917969 1578827277.1901
MEM 59.242188 1578827277.2908
CHLD 0 90.917969 1578827277.3170
MEM 59.242188 1578827277.4178
CHLD 0 90.917969 1578827277.4423
MEM 59.242188 1578827277.5430
CHLD 0 90.917969 1578827277.5710
MEM 59.242188 1578827277.6718
CHLD 0 90.917969 1578827277.6964
MEM 59.242188 1578827277.7971
CHLD 0 90.917969 1578827277.8224
MEM 59.242188 1578827277.9231
CHLD 0 90.917969 1578827277.9477
MEM 59.242188 1578827278.0482
CHLD 0 90.917969 1578827278.0692
MEM 59.242188 1578827278.1700
CHLD 0 90.917969 1578827278.1981
MEM 59.242188 1578827278.2988
CHLD 0 90.917969 1578827278.3245
MEM 59.242188 1578827278.4252
CHLD 0 90.917969 1578827278.4524
MEM 59.242188 1578827278.5531
CHLD 0 90.917969 1578827278.5799
MEM 59.242188 1578827278.6807
CHLD 0 90.917969 1578827278.7086
MEM 59.242188 1578827278.8093
CHLD 0 90.917969 1578827278.8362
MEM 59.242188 1578827278.9368
CHLD 0 90.917969 1578827278.9614
MEM 59.242188 1578827279.0622
CHLD 0 90.917969 1578827279.0895
MEM 59.242188 1578827279.1903
CHLD 0 90.917969 1578827279.2162
MEM 59.242188 1578827279.3169
CHLD 0 90.917969 1578827279.3412
MEM 59.242188 1578827279.4420
CHLD 0 90.917969 1578827279.4677
MEM 59.242188 1578827279.5683
CHLD 0 90.917969 1578827279.5930
MEM 59.242188 1578827279.6938
CHLD 0 90.917969 1578827279.7192
MEM 59.242188 1578827279.8200
CHLD 0 90.917969 1578827279.8447
MEM 59.242188 1578827279.9454
CHLD 0 90.917969 1578827279.9712
MEM 59.242188 1578827280.0719
CHLD 0 90.917969 1578827280.1011
MEM 59.242188 1578827280.2020
CHLD 0 90.917969 1578827280.2274
MEM 59.242188 1578827280.3281
CHLD 0 90.917969 1578827280.3525
MEM 59.242188 1578827280.4532
CHLD 0 90.917969 1578827280.4775
MEM 59.242188 1578827280.5782
CHLD 0 90.917969 1578827280.6026
MEM 59.242188 1578827280.7033
CHLD 0 90.917969 1578827280.7289
MEM 59.242188 1578827280.8296
CHLD 0 90.917969 1578827280.8549
MEM 59.242188 1578827280.9556
CHLD 0 90.917969 1578827280.9796
MEM 59.242188 1578827281.0803
CHLD 0 90.917969 1578827281.1047
MEM 59.242188 1578827281.2054
CHLD 0 90.917969 1578827281.2300
MEM 59.242188 1578827281.3307
CHLD 0 90.917969 1578827281.3552
MEM 59.242188 1578827281.4560
CHLD 0 90.917969 1578827281.4808
MEM 59.242188 1578827281.5815
CHLD 0 90.917969 1578827281.6061
MEM 59.242188 1578827281.7068
CHLD 0 90.917969 1578827281.7323
MEM 59.242188 1578827281.8330
CHLD 0 90.917969 1578827281.8575
MEM 59.242188 1578827281.9582
CHLD 0 90.917969 1578827281.9829
MEM 59.242188 1578827282.0836
CHLD 0 90.917969 1578827282.1080
MEM 59.242188 1578827282.2087
CHLD 0 90.917969 1578827282.2336
MEM 59.242188 1578827282.3343
CHLD 0 90.917969 1578827282.3587
MEM 59.242188 1578827282.4594
CHLD 0 90.917969 1578827282.4835
MEM 59.242188 1578827282.5841
CHLD 0 90.917969 1578827282.6085
MEM 59.242188 1578827282.7092
CHLD 0 90.917969 1578827282.7349
MEM 59.242188 1578827282.8356
CHLD 0 90.917969 1578827282.8605
MEM 59.242188 1578827282.9612
CHLD 0 90.917969 1578827282.9857
MEM 59.242188 1578827283.0864
CHLD 0 90.917969 1578827283.1108
MEM 59.242188 1578827283.2115
CHLD 0 90.917969 1578827283.2362
MEM 59.242188 1578827283.3369
CHLD 0 90.917969 1578827283.3612
MEM 59.242188 1578827283.4619
CHLD 0 90.917969 1578827283.4862
MEM 59.242188 1578827283.5869
CHLD 0 90.917969 1578827283.6111
MEM 59.242188 1578827283.7119
CHLD 0 90.917969 1578827283.7365
MEM 59.242188 1578827283.8372
CHLD 0 90.917969 1578827283.8619
MEM 59.242188 1578827283.9626
CHLD 0 90.917969 1578827283.9874
MEM 59.242188 1578827284.0881
CHLD 0 90.917969 1578827284.1126
MEM 59.242188 1578827284.2134
CHLD 0 90.917969 1578827284.2377
MEM 59.242188 1578827284.3385
CHLD 0 90.917969 1578827284.3641
MEM 59.242188 1578827284.4649
CHLD 0 90.917969 1578827284.4924
MEM 59.242188 1578827284.5931
CHLD 0 90.917969 1578827284.6217
MEM 59.242188 1578827284.7224
CHLD 0 90.917969 1578827284.7507
MEM 59.242188 1578827284.8514
CHLD 0 90.917969 1578827284.8783
MEM 59.242188 1578827284.9790
CHLD 0 90.917969 1578827285.0027
MEM 59.242188 1578827285.1031
CHLD 0 90.917969 1578827285.1107
MEM 59.242188 1578827285.2111
CHLD 0 90.917969 1578827285.2168
MEM 59.242188 1578827285.3171
CHLD 0 90.917969 1578827285.3224
MEM 59.242188 1578827285.4227
CHLD 0 90.917969 1578827285.4279
MEM 59.242188 1578827285.5282
CHLD 0 90.917969 1578827285.5333
MEM 59.242188 1578827285.6336
CHLD 0 90.917969 1578827285.6390
MEM 59.242188 1578827285.7393
CHLD 0 90.917969 1578827285.7469
MEM 59.242188 1578827285.8471
CHLD 0 90.917969 1578827285.8525
MEM 59.242188 1578827285.9528
CHLD 0 90.917969 1578827285.9582
MEM 59.242188 1578827286.0585
CHLD 0 90.917969 1578827286.0638
MEM 59.242188 1578827286.1641
CHLD 0 90.917969 1578827286.1693
MEM 59.242188 1578827286.2697
CHLD 0 90.917969 1578827286.2751
MEM 59.242188 1578827286.3754
CHLD 0 90.917969 1578827286.3812
MEM 59.242188 1578827286.4815
CHLD 0 90.917969 1578827286.4871
MEM 59.242188 1578827286.5873
CHLD 0 90.917969 1578827286.5925
MEM 59.242188 1578827286.6929
CHLD 0 90.917969 1578827286.6993
MEM 59.242188 1578827286.7996
CHLD 0 90.917969 1578827286.8052
MEM 59.242188 1578827286.9055
CHLD 0 90.917969 1578827286.9108
MEM 59.242188 1578827287.0110
CHLD 0 90.917969 1578827287.0162
MEM 59.242188 1578827287.1165
CHLD 0 90.917969 1578827287.1226
MEM 59.242188 1578827287.2228
CHLD 0 90.917969 1578827287.2283
MEM 59.242188 1578827287.3285
CHLD 0 90.917969 1578827287.3341
MEM 59.242188 1578827287.4344
CHLD 0 90.917969 1578827287.4408
MEM 59.242188 1578827287.5411
CHLD 0 90.917969 1578827287.5469
MEM 59.242188 1578827287.6472
CHLD 0 90.917969 1578827287.6533
MEM 59.242188 1578827287.7536
CHLD 0 90.917969 1578827287.7610
MEM 59.242188 1578827287.8614
CHLD 0 90.917969 1578827287.8679
MEM 59.242188 1578827287.9682
CHLD 0 90.917969 1578827287.9737
MEM 59.242188 1578827288.0740
CHLD 0 90.917969 1578827288.0800
MEM 59.242188 1578827288.1803
CHLD 0 90.917969 1578827288.1861
MEM 59.242188 1578827288.2864
CHLD 0 90.917969 1578827288.2917
MEM 59.242188 1578827288.3920
CHLD 0 90.917969 1578827288.3979
MEM 59.242188 1578827288.4982
CHLD 0 90.917969 1578827288.5036
MEM 59.242188 1578827288.6038
CHLD 0 90.917969 1578827288.6091
MEM 59.242188 1578827288.7093
CHLD 0 90.917969 1578827288.7150
MEM 59.242188 1578827288.8153
CHLD 0 90.917969 1578827288.8206
MEM 59.242188 1578827288.9209
CHLD 0 90.917969 1578827288.9263
MEM 59.242188 1578827289.0266
CHLD 0 90.917969 1578827289.0322
MEM 59.242188 1578827289.1325
CHLD 0 90.917969 1578827289.1392
MEM 59.242188 1578827289.2396
CHLD 0 90.917969 1578827289.2453
MEM 59.242188 1578827289.3456
CHLD 0 90.917969 1578827289.3510
MEM 59.242188 1578827289.4513
CHLD 0 90.917969 1578827289.4568
MEM 59.242188 1578827289.5571
CHLD 0 90.917969 1578827289.5627
MEM 59.242188 1578827289.6630
CHLD 0 90.917969 1578827289.6688
MEM 59.242188 1578827289.7692
CHLD 0 90.917969 1578827289.7763
MEM 59.242188 1578827289.8766
CHLD 0 90.917969 1578827289.8822
MEM 59.242188 1578827289.9826
CHLD 0 90.917969 1578827289.9887
MEM 59.242188 1578827290.0890
CHLD 0 90.917969 1578827290.0952
MEM 59.242188 1578827290.1955
CHLD 0 90.917969 1578827290.2014
MEM 59.242188 1578827290.3022
CHLD 0 90.917969 1578827290.3298
MEM 59.242188 1578827290.4303
CHLD 0 90.917969 1578827290.4484
MEM 59.242188 1578827290.5491
CHLD 0 90.917969 1578827290.5768
MEM 59.242188 1578827290.6775
CHLD 0 90.917969 1578827290.7050
MEM 59.242188 1578827290.8057
CHLD 0 90.917969 1578827290.8328
MEM 59.242188 1578827290.9336
CHLD 0 90.917969 1578827290.9624
MEM 59.242188 1578827291.0631
CHLD 0 90.917969 1578827291.0911
MEM 59.242188 1578827291.1918
CHLD 0 90.917969 1578827291.2194
MEM 59.242188 1578827291.3200
CHLD 0 90.917969 1578827291.3474
MEM 59.242188 1578827291.4481
CHLD 0 90.917969 1578827291.4754
MEM 59.242188 1578827291.5760
CHLD 0 90.917969 1578827291.6033
MEM 59.242188 1578827291.7040
CHLD 0 90.917969 1578827291.7315
MEM 59.242188 1578827291.8322
CHLD 0 90.917969 1578827291.8598
MEM 59.242188 1578827291.9605
CHLD 0 90.917969 1578827291.9892
MEM 59.242188 1578827292.0900
CHLD 0 90.917969 1578827292.1180
MEM 59.242188 1578827292.2187
CHLD 0 90.917969 1578827292.2461
MEM 59.242188 1578827292.3467
CHLD 0 90.917969 1578827292.3741
MEM 59.242188 1578827292.4749
CHLD 0 90.917969 1578827292.5025
MEM 59.242188 1578827292.6031
CHLD 0 90.917969 1578827292.6320
MEM 59.242188 1578827292.7326
CHLD 0 90.917969 1578827292.7557
MEM 59.242188 1578827292.8564
CHLD 0 90.917969 1578827292.8839
MEM 59.242188 1578827292.9847
CHLD 0 90.917969 1578827293.0122
MEM 59.242188 1578827293.1130
CHLD 0 90.917969 1578827293.1406
MEM 59.242188 1578827293.2413
CHLD 0 90.917969 1578827293.2689
MEM 59.242188 1578827293.3696
CHLD 0 90.917969 1578827293.3974
MEM 59.242188 1578827293.4982
CHLD 0 90.917969 1578827293.5257
MEM 59.242188 1578827293.6264
CHLD 0 90.917969 1578827293.6537
MEM 59.242188 1578827293.7545
CHLD 0 90.917969 1578827293.7847
MEM 59.242188 1578827293.8854
CHLD 0 90.917969 1578827293.9153
MEM 59.242188 1578827294.0160
CHLD 0 90.917969 1578827294.0449
MEM 59.242188 1578827294.1456
CHLD 0 90.917969 1578827294.1727
MEM 59.242188 1578827294.2734
CHLD 0 90.917969 1578827294.2937
MEM 59.242188 1578827294.3943
CHLD 0 90.917969 1578827294.4237
MEM 59.242188 1578827294.5244
CHLD 0 90.917969 1578827294.5537
MEM 59.242188 1578827294.6544
CHLD 0 90.917969 1578827294.6822
MEM 59.242188 1578827294.7828
CHLD 0 90.917969 1578827294.8112
MEM 59.242188 1578827294.9119
CHLD 0 90.917969 1578827294.9398
MEM 59.242188 1578827295.0405
CHLD 0 90.917969 1578827295.0678
MEM 59.242188 1578827295.1681
CHLD 0 90.917969 1578827295.1737
MEM 59.242188 1578827295.2744
CHLD 0 90.917969 1578827295.3007
MEM 59.242188 1578827295.4013
CHLD 0 90.917969 1578827295.4276
MEM 59.242188 1578827295.5282
CHLD 0 90.917969 1578827295.5539
MEM 59.242188 1578827295.6545
CHLD 0 90.917969 1578827295.6809
MEM 59.242188 1578827295.7816
CHLD 0 90.917969 1578827295.8093
MEM 59.242188 1578827295.9101
CHLD 0 90.917969 1578827295.9359
MEM 59.242188 1578827296.0367
CHLD 0 90.917969 1578827296.0636
MEM 59.242188 1578827296.1642
CHLD 0 90.917969 1578827296.1902
MEM 59.242188 1578827296.2908
CHLD 0 90.917969 1578827296.3189
MEM 59.242188 1578827296.4196
CHLD 0 90.917969 1578827296.4474
MEM 59.242188 1578827296.5481
CHLD 0 90.917969 1578827296.5749
MEM 59.242188 1578827296.6756
CHLD 0 90.917969 1578827296.7033
MEM 59.242188 1578827296.8039
CHLD 0 90.917969 1578827296.8293
MEM 59.242188 1578827296.9301
CHLD 0 90.917969 1578827296.9575
MEM 59.242188 1578827297.0582
CHLD 0 90.917969 1578827297.0860
MEM 59.242188 1578827297.1867
CHLD 0 90.917969 1578827297.2140
MEM 59.242188 1578827297.3146
CHLD 0 90.917969 1578827297.3420
MEM 59.242188 1578827297.4427
CHLD 0 90.917969 1578827297.4689
MEM 59.242188 1578827297.5695
CHLD 0 90.917969 1578827297.5971
MEM 59.242188 1578827297.6979
CHLD 0 90.917969 1578827297.7247
MEM 59.242188 1578827297.8254
CHLD 0 90.917969 1578827297.8500
MEM 59.242188 1578827297.9507
CHLD 0 90.917969 1578827297.9772
MEM 59.242188 1578827298.0779
CHLD 0 90.917969 1578827298.1039
MEM 59.242188 1578827298.2046
CHLD 0 90.917969 1578827298.2310
MEM 59.242188 1578827298.3317
CHLD 0 90.917969 1578827298.3580
MEM 59.242188 1578827298.4587
CHLD 0 90.917969 1578827298.4868
MEM 59.242188 1578827298.5873
CHLD 0 90.917969 1578827298.6132
MEM 59.242188 1578827298.7140
CHLD 0 90.917969 1578827298.7404
MEM 59.242188 1578827298.8410
CHLD 0 90.917969 1578827298.8673
MEM 59.242188 1578827298.9680
CHLD 0 90.917969 1578827298.9945
MEM 59.242188 1578827299.0952
CHLD 0 90.917969 1578827299.1214
MEM 59.242188 1578827299.2222
CHLD 0 90.917969 1578827299.2485
MEM 59.242188 1578827299.3491
CHLD 0 90.917969 1578827299.3753
MEM 59.242188 1578827299.4758
CHLD 0 90.917969 1578827299.4965
MEM 59.242188 1578827299.5973
CHLD 0 90.917969 1578827299.6249
MEM 59.242188 1578827299.7256
CHLD 0 90.917969 1578827299.7541
MEM 59.242188 1578827299.8548
CHLD 0 90.917969 1578827299.8816
MEM 59.242188 1578827299.9823
CHLD 0 90.917969 1578827300.0109
MEM 59.242188 1578827300.1116
CHLD 0 90.917969 1578827300.1383
MEM 59.242188 1578827300.2390
CHLD 0 90.917969 1578827300.2655
MEM 59.242188 1578827300.3661
CHLD 0 90.917969 1578827300.3922
MEM 59.242188 1578827300.4929
CHLD 0 90.917969 1578827300.5193
MEM 59.242188 1578827300.6200
CHLD 0 90.917969 1578827300.6464
MEM 59.242188 1578827300.7471
CHLD 0 90.917969 1578827300.7734
MEM 59.242188 1578827300.8742
CHLD 0 90.917969 1578827300.9023
MEM 59.242188 1578827301.0030
CHLD 0 90.917969 1578827301.0300
MEM 59.242188 1578827301.1307
CHLD 0 90.917969 1578827301.1581
MEM 59.242188 1578827301.2588
CHLD 0 90.917969 1578827301.2844
MEM 59.242188 1578827301.3850
CHLD 0 90.917969 1578827301.4143
MEM 59.242188 1578827301.5150
CHLD 0 90.917969 1578827301.5427
MEM 59.242188 1578827301.6434
CHLD 0 90.917969 1578827301.6702
MEM 59.242188 1578827301.7709
CHLD 0 90.917969 1578827301.7985
MEM 59.242188 1578827301.8992
CHLD 0 90.917969 1578827301.9230
MEM 59.242188 1578827302.0236
CHLD 0 90.917969 1578827302.0504
MEM 59.242188 1578827302.1511
CHLD 0 90.917969 1578827302.1782
MEM 59.242188 1578827302.2789
CHLD 0 90.917969 1578827302.3056
MEM 59.242188 1578827302.4063
CHLD 0 90.917969 1578827302.4328
MEM 59.242188 1578827302.5331
CHLD 0 90.917969 1578827302.5391
MEM 59.242188 1578827302.6397
CHLD 0 90.917969 1578827302.6653
MEM 59.242188 1578827302.7660
CHLD 0 90.917969 1578827302.7926
MEM 59.242188 1578827302.8932
CHLD 0 90.917969 1578827302.9199
MEM 59.242188 1578827303.0206
CHLD 0 90.917969 1578827303.0468
MEM 59.242188 1578827303.1475
CHLD 0 90.917969 1578827303.1763
MEM 59.242188 1578827303.2770
CHLD 0 90.917969 1578827303.3016
MEM 59.242188 1578827303.4022
CHLD 0 90.917969 1578827303.4301
MEM 59.242188 1578827303.5308
CHLD 0 90.917969 1578827303.5595
MEM 59.242188 1578827303.6602
CHLD 0 90.917969 1578827303.6871
MEM 59.242188 1578827303.7877
CHLD 0 90.917969 1578827303.8131
MEM 59.242188 1578827303.9142
CHLD 0 90.917969 1578827303.9384
MEM 59.242188 1578827304.0391
CHLD 0 90.917969 1578827304.0653
MEM 59.242188 1578827304.1660
CHLD 0 90.917969 1578827304.1925
MEM 59.242188 1578827304.2932
CHLD 0 90.917969 1578827304.3200
MEM 59.242188 1578827304.4206
CHLD 0 90.917969 1578827304.4472
MEM 59.242188 1578827304.5479
CHLD 0 90.917969 1578827304.5742
MEM 59.242188 1578827304.6749
CHLD 0 90.917969 1578827304.7025
MEM 59.242188 1578827304.8032
CHLD 0 90.917969 1578827304.8299
MEM 59.242188 1578827304.9306
CHLD 0 90.917969 1578827304.9575
MEM 59.242188 1578827305.0582
CHLD 0 90.917969 1578827305.0843
MEM 59.242188 1578827305.1849
CHLD 0 90.917969 1578827305.2118
MEM 59.242188 1578827305.3125
CHLD 0 90.917969 1578827305.3390
MEM 59.242188 1578827305.4396
CHLD 0 90.917969 1578827305.4661
MEM 59.242188 1578827305.5668
CHLD 0 90.917969 1578827305.5936
MEM 59.242188 1578827305.6943
CHLD 0 90.917969 1578827305.7209
MEM 59.242188 1578827305.8216
CHLD 0 90.917969 1578827305.8484
MEM 59.242188 1578827305.9491
CHLD 0 90.917969 1578827305.9749
MEM 59.242188 1578827306.0756
CHLD 0 90.917969 1578827306.1011
MEM 59.242188 1578827306.2013
CHLD 0 90.917969 1578827306.2069
MEM 59.242188 1578827306.3077
CHLD 0 90.917969 1578827306.3325
MEM 59.242188 1578827306.4331
CHLD 0 90.917969 1578827306.4580
MEM 59.242188 1578827306.5586
CHLD 0 90.917969 1578827306.5834
MEM 59.242188 1578827306.6841
CHLD 0 90.917969 1578827306.7091
MEM 59.242188 1578827306.8098
CHLD 0 90.917969 1578827306.8262
MEM 59.242188 1578827306.9266
CHLD 0 90.917969 1578827306.9329
MEM 59.242188 1578827307.0336
CHLD 0 90.917969 1578827307.0575
MEM 59.242188 1578827307.1581
CHLD 0 90.917969 1578827307.1821
MEM 59.242188 1578827307.2828
CHLD 0 90.917969 1578827307.3067
MEM 59.242188 1578827307.4073
CHLD 0 90.917969 1578827307.4312
MEM 59.242188 1578827307.5318
CHLD 0 90.917969 1578827307.5559
MEM 59.242188 1578827307.6566
CHLD 0 90.917969 1578827307.6811
MEM 59.242188 1578827307.7818
CHLD 0 90.917969 1578827307.8056
MEM 59.242188 1578827307.9064
CHLD 0 90.917969 1578827307.9299
MEM 59.242188 1578827308.0302
CHLD 0 90.917969 1578827308.0367
MEM 59.242188 1578827308.1374
CHLD 0 90.917969 1578827308.1650
MEM 59.242188 1578827308.2658
CHLD 0 90.917969 1578827308.2902
MEM 59.242188 1578827308.3909
CHLD 0 90.917969 1578827308.4156
MEM 59.242188 1578827308.5163
CHLD 0 90.917969 1578827308.5429
MEM 59.242188 1578827308.6436
CHLD 0 90.917969 1578827308.6675
MEM 59.242188 1578827308.7681
CHLD 0 90.917969 1578827308.7926
MEM 59.242188 1578827308.8933
CHLD 0 90.917969 1578827308.9182
MEM 59.242188 1578827309.0188
CHLD 0 90.917969 1578827309.0436
MEM 59.242188 1578827309.1443
CHLD 0 90.917969 1578827309.1687
MEM 59.242188 1578827309.2693
CHLD 0 90.917969 1578827309.2936
MEM 59.242188 1578827309.3943
CHLD 0 90.917969 1578827309.4188
MEM 59.242188 1578827309.5195
CHLD 0 90.917969 1578827309.5431
MEM 59.242188 1578827309.6438
CHLD 0 90.917969 1578827309.6670
MEM 59.242188 1578827309.7676
CHLD 0 90.917969 1578827309.7921
MEM 59.242188 1578827309.8927
CHLD 0 90.917969 1578827309.9168
MEM 59.242188 1578827310.0176
CHLD 0 90.917969 1578827310.0436
MEM 59.242188 1578827310.1443
CHLD 0 90.917969 1578827310.1692
MEM 59.242188 1578827310.2700
CHLD 0 90.917969 1578827310.2941
MEM 59.242188 1578827310.3948
CHLD 0 90.917969 1578827310.4198
MEM 59.242188 1578827310.5205
CHLD 0 90.917969 1578827310.5462
MEM 59.242188 1578827310.6469
CHLD 0 90.917969 1578827310.6702
MEM 59.242188 1578827310.7708
CHLD 0 90.917969 1578827310.7959
MEM 59.242188 1578827310.8966
CHLD 0 90.917969 1578827310.9219
MEM 59.242188 1578827311.0226
CHLD 0 90.917969 1578827311.0475
MEM 59.242188 1578827311.1482
CHLD 0 90.917969 1578827311.1718
MEM 59.242188 1578827311.2725
CHLD 0 90.917969 1578827311.2980
MEM 59.242188 1578827311.3986
CHLD 0 90.917969 1578827311.4237
MEM 59.242188 1578827311.5245
CHLD 0 90.917969 1578827311.5480
MEM 59.242188 1578827311.6488
CHLD 0 90.917969 1578827311.6743
MEM 59.242188 1578827311.7749
CHLD 0 90.917969 1578827311.8000
MEM 59.242188 1578827311.9007
CHLD 0 90.917969 1578827311.9252
MEM 59.242188 1578827312.0262
CHLD 0 90.917969 1578827312.0500
MEM 59.242188 1578827312.1507
CHLD 0 90.917969 1578827312.1763
MEM 59.242188 1578827312.2770
CHLD 0 90.917969 1578827312.3029
MEM 59.242188 1578827312.4036
CHLD 0 90.917969 1578827312.4262
MEM 59.242188 1578827312.5267
CHLD 0 90.917969 1578827312.5405
MEM 59.242188 1578827312.6412
CHLD 0 90.917969 1578827312.6648
MEM 59.242188 1578827312.7651
CHLD 0 90.917969 1578827312.7715
MEM 59.242188 1578827312.8722
CHLD 0 90.917969 1578827312.8954
MEM 59.242188 1578827312.9960
CHLD 0 90.917969 1578827313.0211
MEM 59.242188 1578827313.1218
CHLD 0 90.917969 1578827313.1463
MEM 59.242188 1578827313.2470
CHLD 0 90.917969 1578827313.2719
MEM 59.242188 1578827313.3725
CHLD 0 90.917969 1578827313.3961
MEM 59.242188 1578827313.4967
CHLD 0 90.917969 1578827313.5206
MEM 59.242188 1578827313.6215
CHLD 0 90.917969 1578827313.6468
MEM 59.242188 1578827313.7474
CHLD 0 90.917969 1578827313.7715
MEM 59.242188 1578827313.8722
CHLD 0 90.917969 1578827313.8967
MEM 59.242188 1578827313.9974
CHLD 0 90.917969 1578827314.0221
MEM 59.242188 1578827314.1229
CHLD 0 90.917969 1578827314.1471
MEM 59.242188 1578827314.2478
CHLD 0 90.917969 1578827314.2722
MEM 59.242188 1578827314.3728
CHLD 0 90.917969 1578827314.3969
MEM 59.242188 1578827314.4976
CHLD 0 90.917969 1578827314.5212
MEM 59.242188 1578827314.6221
CHLD 0 90.917969 1578827314.6466
MEM 59.242188 1578827314.7473
CHLD 0 90.917969 1578827314.7715
MEM 59.242188 1578827314.8721
CHLD 0 90.917969 1578827314.8961
MEM 59.242188 1578827314.9968
CHLD 0 90.917969 1578827315.0218
MEM 59.242188 1578827315.1224
CHLD 0 90.917969 1578827315.1466
MEM 59.242188 1578827315.2474
CHLD 0 90.917969 1578827315.2715
MEM 59.242188 1578827315.3721
CHLD 0 90.917969 1578827315.3960
MEM 59.242188 1578827315.4967
CHLD 0 90.917969 1578827315.5205
MEM 59.242188 1578827315.6212
CHLD 0 90.917969 1578827315.6456
MEM 59.242188 1578827315.7458
CHLD 0 90.917969 1578827315.7529
MEM 59.242188 1578827315.8536
CHLD 0 90.917969 1578827315.8786
MEM 59.242188 1578827315.9793
CHLD 0 90.917969 1578827316.0042
MEM 59.242188 1578827316.1050
CHLD 0 90.917969 1578827316.1310
MEM 59.242188 1578827316.2319
CHLD 0 90.917969 1578827316.2559
MEM 59.242188 1578827316.3562
CHLD 0 90.917969 1578827316.3615
MEM 59.242188 1578827316.4618
CHLD 0 90.917969 1578827316.4671
