CMDLINE /usr/bin/python3 main.py
MEM 1.308594 1578389448.7725
MEM 24.167969 1578389448.8847
MEM 28.996094 1578389449.0008
MEM 56.484375 1578389449.1083
CHLD 0 52.871094 1578389449.1154
MEM 56.484375 1578389449.2158
CHLD 0 81.445312 1578389449.2293
MEM 56.484375 1578389449.3296
CHLD 0 81.445312 1578389449.3369
MEM 56.484375 1578389449.4377
CHLD 0 81.445312 1578389449.4677
MEM 56.484375 1578389449.5685
CHLD 0 81.445312 1578389449.5913
MEM 56.484375 1578389449.6922
CHLD 0 81.445312 1578389449.7198
MEM 56.484375 1578389449.8207
CHLD 0 81.445312 1578389449.8476
MEM 56.484375 1578389449.9484
CHLD 0 81.445312 1578389449.9767
MEM 56.484375 1578389450.0776
CHLD 0 81.445312 1578389450.1038
MEM 56.484375 1578389450.2046
CHLD 0 81.445312 1578389450.2307
MEM 56.484375 1578389450.3315
CHLD 0 81.445312 1578389450.3571
MEM 56.484375 1578389450.4579
CHLD 0 81.445312 1578389450.4837
MEM 56.484375 1578389450.5841
CHLD 0 81.445312 1578389450.5925
MEM 56.484375 1578389450.6933
CHLD 0 81.445312 1578389450.7087
MEM 56.484375 1578389450.8091
CHLD 0 82.406250 1578389450.8159
MEM 56.484375 1578389450.9163
CHLD 0 82.406250 1578389450.9222
MEM 56.484375 1578389451.0229
CHLD 0 82.406250 1578389451.0483
MEM 56.484375 1578389451.1490
CHLD 0 82.406250 1578389451.1752
MEM 56.484375 1578389451.2755
CHLD 0 82.406250 1578389451.2835
MEM 56.484375 1578389451.3842
CHLD 0 82.406250 1578389451.4102
MEM 56.484375 1578389451.5109
CHLD 0 82.406250 1578389451.5379
MEM 56.484375 1578389451.6387
CHLD 0 82.406250 1578389451.6649
MEM 56.484375 1578389451.7657
CHLD 0 82.406250 1578389451.7922
MEM 56.484375 1578389451.8929
CHLD 0 82.406250 1578389451.9188
MEM 56.484375 1578389452.0193
CHLD 0 82.406250 1578389452.0320
MEM 56.484375 1578389452.1328
CHLD 0 82.406250 1578389452.1590
MEM 56.484375 1578389452.2599
CHLD 0 82.406250 1578389452.2867
MEM 56.484375 1578389452.3875
CHLD 0 82.406250 1578389452.4132
MEM 56.484375 1578389452.5139
CHLD 0 82.406250 1578389452.5395
MEM 56.484375 1578389452.6403
CHLD 0 82.406250 1578389452.6657
MEM 56.484375 1578389452.7666
CHLD 0 82.406250 1578389452.7926
MEM 56.484375 1578389452.8932
CHLD 0 82.406250 1578389452.9061
MEM 56.484375 1578389453.0065
CHLD 0 82.406250 1578389453.0150
MEM 56.484375 1578389453.1155
CHLD 0 82.406250 1578389453.1293
MEM 56.484375 1578389453.2301
CHLD 0 82.406250 1578389453.2573
MEM 56.484375 1578389453.3582
CHLD 0 82.406250 1578389453.3844
MEM 56.484375 1578389453.4853
CHLD 0 82.406250 1578389453.5113
MEM 56.484375 1578389453.6122
CHLD 0 82.406250 1578389453.6370
MEM 56.484375 1578389453.7379
CHLD 0 82.406250 1578389453.7642
MEM 56.484375 1578389453.8649
CHLD 0 86.648438 1578389453.8913
MEM 56.484375 1578389453.9923
CHLD 0 86.648438 1578389454.0185
MEM 56.484375 1578389454.1195
CHLD 0 86.648438 1578389454.1456
MEM 56.484375 1578389454.2462
CHLD 0 86.648438 1578389454.2717
MEM 56.484375 1578389454.3721
CHLD 0 86.648438 1578389454.3806
MEM 56.484375 1578389454.4813
CHLD 0 86.648438 1578389454.5068
MEM 56.484375 1578389454.6075
CHLD 0 86.648438 1578389454.6330
MEM 56.484375 1578389454.7337
CHLD 0 86.648438 1578389454.7593
MEM 56.484375 1578389454.8599
CHLD 0 86.648438 1578389454.8854
MEM 56.484375 1578389454.9862
CHLD 0 86.648438 1578389455.0124
MEM 56.484375 1578389455.1131
CHLD 0 86.648438 1578389455.1390
MEM 56.484375 1578389455.2396
CHLD 0 86.648438 1578389455.2662
MEM 56.484375 1578389455.3670
CHLD 0 86.648438 1578389455.3927
MEM 56.484375 1578389455.4934
CHLD 0 86.648438 1578389455.5189
MEM 56.484375 1578389455.6197
CHLD 0 86.648438 1578389455.6279
MEM 56.484375 1578389455.7286
CHLD 0 86.648438 1578389455.7542
MEM 56.484375 1578389455.8550
CHLD 0 86.648438 1578389455.8808
MEM 56.484375 1578389455.9843
CHLD 0 86.648438 1578389456.0121
MEM 56.484375 1578389456.1128
CHLD 0 86.648438 1578389456.1396
MEM 56.484375 1578389456.2403
CHLD 0 86.648438 1578389456.2682
MEM 56.484375 1578389456.3689
CHLD 0 86.648438 1578389456.3957
MEM 56.484375 1578389456.4965
CHLD 0 86.648438 1578389456.5235
MEM 56.484375 1578389456.6240
CHLD 0 86.648438 1578389456.6350
MEM 56.484375 1578389456.7358
CHLD 0 86.648438 1578389456.7620
MEM 56.484375 1578389456.8627
CHLD 0 86.648438 1578389456.8883
MEM 56.484375 1578389456.9890
CHLD 0 86.648438 1578389457.0156
MEM 56.484375 1578389457.1163
CHLD 0 86.648438 1578389457.1437
MEM 56.484375 1578389457.2444
CHLD 0 86.648438 1578389457.2714
MEM 56.484375 1578389457.3722
CHLD 0 86.648438 1578389457.3993
MEM 56.484375 1578389457.5000
CHLD 0 86.648438 1578389457.5267
MEM 56.484375 1578389457.6275
CHLD 0 86.648438 1578389457.6545
MEM 56.484375 1578389457.7552
CHLD 0 86.648438 1578389457.7820
MEM 56.484375 1578389457.8827
CHLD 0 86.648438 1578389457.9098
MEM 56.484375 1578389458.0103
CHLD 0 86.648438 1578389458.0199
MEM 56.484375 1578389458.1205
CHLD 0 86.648438 1578389458.1465
MEM 56.484375 1578389458.2473
CHLD 0 86.648438 1578389458.2739
MEM 56.484375 1578389458.3746
CHLD 0 86.648438 1578389458.4004
MEM 56.484375 1578389458.5008
CHLD 0 106.308594 1578389458.5109
MEM 56.484375 1578389458.6116
CHLD 0 123.027344 1578389458.6380
MEM 56.484375 1578389458.7388
CHLD 0 123.171875 1578389458.7567
MEM 56.484375 1578389458.8577
CHLD 0 123.355469 1578389458.8845
MEM 56.484375 1578389458.9853
CHLD 0 123.609375 1578389459.0114
MEM 56.484375 1578389459.1122
CHLD 0 123.609375 1578389459.1382
MEM 56.484375 1578389459.2390
CHLD 0 123.867188 1578389459.2648
MEM 56.484375 1578389459.3657
CHLD 0 123.867188 1578389459.3924
MEM 56.484375 1578389459.4928
CHLD 0 124.125000 1578389459.5026
MEM 56.484375 1578389459.6033
CHLD 0 124.125000 1578389459.6297
MEM 56.484375 1578389459.7304
CHLD 0 124.382812 1578389459.7572
MEM 56.484375 1578389459.8580
CHLD 0 124.640625 1578389459.8843
MEM 56.484375 1578389459.9851
CHLD 0 124.640625 1578389460.0074
MEM 56.484375 1578389460.1082
CHLD 0 124.898438 1578389460.1356
MEM 56.484375 1578389460.2363
CHLD 0 124.898438 1578389460.2629
MEM 56.484375 1578389460.3637
CHLD 0 125.156250 1578389460.3919
MEM 56.484375 1578389460.4927
CHLD 0 125.156250 1578389460.5221
MEM 56.484375 1578389460.6228
CHLD 0 125.406250 1578389460.6429
MEM 56.484375 1578389460.7436
CHLD 0 125.406250 1578389460.7700
MEM 56.484375 1578389460.8707
CHLD 0 125.664062 1578389460.8968
MEM 56.484375 1578389460.9977
CHLD 0 125.664062 1578389461.0245
MEM 56.484375 1578389461.1254
CHLD 0 125.921875 1578389461.1525
MEM 56.484375 1578389461.2533
CHLD 0 125.921875 1578389461.2785
MEM 56.484375 1578389461.3794
CHLD 0 126.179688 1578389461.4064
MEM 56.484375 1578389461.5067
CHLD 0 126.179688 1578389461.5138
MEM 56.484375 1578389461.6141
CHLD 0 126.179688 1578389461.6202
MEM 56.484375 1578389461.7204
CHLD 0 126.179688 1578389461.7261
MEM 56.484375 1578389461.8264
CHLD 0 126.179688 1578389461.8325
MEM 63.019531 1578389461.9328
CHLD 0 126.425781 1578389461.9394
MEM 75.964844 1578389462.0398
CHLD 0 126.679688 1578389462.0519
MEM 76.476562 1578389462.1523
CHLD 0 126.679688 1578389462.1637
MEM 76.476562 1578389462.2644
CHLD 0 126.679688 1578389462.2918
MEM 76.476562 1578389462.3924
CHLD 0 126.679688 1578389462.4173
MEM 76.476562 1578389462.5179
CHLD 0 126.679688 1578389462.5364
MEM 76.476562 1578389462.6369
CHLD 0 126.679688 1578389462.6515
MEM 76.476562 1578389462.7520
CHLD 0 126.679688 1578389462.7668
MEM 76.476562 1578389462.8673
CHLD 0 126.679688 1578389462.8823
MEM 76.476562 1578389462.9828
CHLD 0 126.679688 1578389462.9975
MEM 76.476562 1578389463.0980
CHLD 0 126.679688 1578389463.1131
MEM 76.476562 1578389463.2138
CHLD 0 126.679688 1578389463.2337
MEM 76.476562 1578389463.3343
CHLD 0 126.679688 1578389463.3537
MEM 77.222656 1578389463.4543
CHLD 0 126.679688 1578389463.4734
MEM 77.222656 1578389463.5740
CHLD 0 126.679688 1578389463.5919
MEM 77.222656 1578389463.6923
CHLD 0 126.679688 1578389463.7053
MEM 77.222656 1578389463.8062
CHLD 0 126.679688 1578389463.8152
MEM 77.222656 1578389463.9156
CHLD 0 126.679688 1578389463.9264
MEM 77.222656 1578389464.0272
CHLD 0 126.679688 1578389464.0509
MEM 77.222656 1578389464.1515
CHLD 0 126.679688 1578389464.1724
MEM 77.222656 1578389464.2731
CHLD 0 126.679688 1578389464.2951
MEM 77.222656 1578389464.3958
CHLD 0 126.679688 1578389464.4173
MEM 77.222656 1578389464.5178
CHLD 0 126.679688 1578389464.5403
MEM 77.222656 1578389464.6408
CHLD 0 126.679688 1578389464.6595
MEM 77.222656 1578389464.7600
CHLD 0 126.679688 1578389464.7787
MEM 77.222656 1578389464.8792
CHLD 0 126.679688 1578389464.8994
MEM 77.222656 1578389465.0001
CHLD 0 126.679688 1578389465.0270
MEM 77.222656 1578389465.1276
CHLD 0 126.679688 1578389465.1457
MEM 77.222656 1578389465.2466
CHLD 0 126.679688 1578389465.2654
MEM 77.222656 1578389465.3659
CHLD 0 126.679688 1578389465.3836
MEM 77.222656 1578389465.4841
CHLD 0 126.679688 1578389465.5044
MEM 77.222656 1578389465.6054
CHLD 0 126.679688 1578389465.6351
MEM 77.222656 1578389465.7354
CHLD 0 126.679688 1578389465.7443
MEM 77.222656 1578389465.8446
CHLD 0 126.679688 1578389465.8522
MEM 77.222656 1578389465.9526
CHLD 0 126.679688 1578389465.9622
MEM 77.222656 1578389466.0626
CHLD 0 126.679688 1578389466.0768
MEM 77.222656 1578389466.1774
CHLD 0 126.679688 1578389466.1953
MEM 77.222656 1578389466.2959
CHLD 0 126.679688 1578389466.3138
MEM 77.222656 1578389466.4143
CHLD 0 126.679688 1578389466.4327
MEM 77.222656 1578389466.5333
CHLD 0 126.679688 1578389466.5535
MEM 77.222656 1578389466.6541
CHLD 0 126.679688 1578389466.6701
MEM 77.222656 1578389466.7706
CHLD 0 126.679688 1578389466.7839
MEM 77.222656 1578389466.8843
CHLD 0 126.679688 1578389466.8938
MEM 77.222656 1578389466.9944
CHLD 0 126.679688 1578389467.0185
MEM 77.222656 1578389467.1199
CHLD 0 126.679688 1578389467.1422
MEM 77.222656 1578389467.2425
CHLD 0 126.679688 1578389467.2511
MEM 77.222656 1578389467.3515
CHLD 0 126.679688 1578389467.3603
MEM 77.222656 1578389467.4609
CHLD 0 126.679688 1578389467.4823
MEM 77.222656 1578389467.5833
CHLD 0 126.679688 1578389467.6076
MEM 77.222656 1578389467.7080
CHLD 0 126.679688 1578389467.7160
MEM 77.222656 1578389467.8164
CHLD 0 126.679688 1578389467.8291
MEM 77.222656 1578389467.9296
CHLD 0 126.679688 1578389467.9463
MEM 77.222656 1578389468.0466
CHLD 0 126.679688 1578389468.0542
MEM 77.222656 1578389468.1546
CHLD 0 126.679688 1578389468.1663
MEM 77.222656 1578389468.2670
CHLD 0 126.679688 1578389468.2907
MEM 77.222656 1578389468.3914
CHLD 0 126.679688 1578389468.4171
MEM 77.222656 1578389468.5176
CHLD 0 126.679688 1578389468.5360
MEM 77.222656 1578389468.6366
CHLD 0 126.679688 1578389468.6563
MEM 77.222656 1578389468.7567
CHLD 0 126.679688 1578389468.7715
MEM 77.222656 1578389468.8724
CHLD 0 126.679688 1578389468.8983
MEM 77.222656 1578389468.9988
CHLD 0 126.679688 1578389469.0155
MEM 77.222656 1578389469.1161
CHLD 0 126.679688 1578389469.1434
MEM 77.222656 1578389469.2439
CHLD 0 126.679688 1578389469.2566
MEM 77.222656 1578389469.3570
CHLD 0 126.679688 1578389469.3689
MEM 77.222656 1578389469.4694
CHLD 0 126.679688 1578389469.4861
MEM 77.222656 1578389469.5869
CHLD 0 126.679688 1578389469.6162
MEM 77.222656 1578389469.7168
CHLD 0 126.679688 1578389469.7321
MEM 77.222656 1578389469.8329
CHLD 0 126.679688 1578389469.8481
MEM 77.222656 1578389469.9487
CHLD 0 126.679688 1578389469.9648
MEM 77.222656 1578389470.0654
CHLD 0 126.679688 1578389470.0805
MEM 77.222656 1578389470.1811
CHLD 0 126.679688 1578389470.2064
MEM 77.222656 1578389470.3068
CHLD 0 126.679688 1578389470.3194
MEM 77.222656 1578389470.4202
CHLD 0 126.679688 1578389470.4494
MEM 77.222656 1578389470.5499
CHLD 0 126.679688 1578389470.5734
MEM 77.222656 1578389470.6740
CHLD 0 126.679688 1578389470.6955
MEM 77.222656 1578389470.7961
CHLD 0 126.679688 1578389470.8197
MEM 77.222656 1578389470.9202
CHLD 0 126.679688 1578389470.9325
MEM 77.222656 1578389471.0328
CHLD 0 126.679688 1578389471.0410
MEM 77.222656 1578389471.1416
CHLD 0 126.679688 1578389471.1593
MEM 77.222656 1578389471.2599
CHLD 0 126.679688 1578389471.2800
MEM 77.222656 1578389471.3806
CHLD 0 126.679688 1578389471.4003
MEM 77.222656 1578389471.5013
CHLD 0 126.679688 1578389471.5237
MEM 77.222656 1578389471.6242
CHLD 0 126.679688 1578389471.6380
MEM 77.222656 1578389471.7384
CHLD 0 126.679688 1578389471.7480
MEM 77.222656 1578389471.8488
CHLD 0 126.679688 1578389471.8777
MEM 77.222656 1578389471.9784
CHLD 0 126.679688 1578389472.0000
MEM 77.222656 1578389472.1007
CHLD 0 126.679688 1578389472.1222
MEM 77.222656 1578389472.2228
CHLD 0 126.679688 1578389472.2409
MEM 77.222656 1578389472.3416
CHLD 0 126.679688 1578389472.3547
MEM 77.222656 1578389472.4555
CHLD 0 126.679688 1578389472.4726
MEM 77.222656 1578389472.5731
CHLD 0 126.679688 1578389472.5994
MEM 77.222656 1578389472.6998
CHLD 0 126.679688 1578389472.7099
MEM 77.222656 1578389472.8105
CHLD 0 126.679688 1578389472.8282
MEM 77.222656 1578389472.9287
CHLD 0 126.679688 1578389472.9450
MEM 77.222656 1578389473.0456
CHLD 0 126.679688 1578389473.0632
MEM 77.222656 1578389473.1637
CHLD 0 126.679688 1578389473.1816
MEM 77.222656 1578389473.2821
CHLD 0 126.679688 1578389473.2973
MEM 77.222656 1578389473.3978
CHLD 0 126.679688 1578389473.4135
MEM 77.222656 1578389473.5141
CHLD 0 126.679688 1578389473.5328
MEM 77.222656 1578389473.6334
CHLD 0 126.679688 1578389473.6519
MEM 77.222656 1578389473.7525
CHLD 0 126.679688 1578389473.7670
MEM 77.222656 1578389473.8675
CHLD 0 126.679688 1578389473.8819
MEM 77.222656 1578389473.9825
CHLD 0 126.679688 1578389473.9990
MEM 77.222656 1578389474.1000
CHLD 0 126.679688 1578389474.1130
MEM 77.222656 1578389474.2135
CHLD 0 126.679688 1578389474.2264
MEM 77.222656 1578389474.3268
CHLD 0 126.679688 1578389474.3393
MEM 77.222656 1578389474.4397
CHLD 0 126.679688 1578389474.4543
MEM 77.222656 1578389474.5549
CHLD 0 126.679688 1578389474.5741
MEM 77.222656 1578389474.6746
CHLD 0 126.679688 1578389474.6936
MEM 77.222656 1578389474.7946
CHLD 0 126.679688 1578389474.8090
MEM 77.222656 1578389474.9095
CHLD 0 126.679688 1578389474.9192
MEM 77.222656 1578389475.0198
CHLD 0 126.679688 1578389475.0312
MEM 77.222656 1578389475.1318
CHLD 0 126.679688 1578389475.1546
MEM 77.222656 1578389475.2557
CHLD 0 126.679688 1578389475.2659
MEM 77.222656 1578389475.3670
CHLD 0 126.679688 1578389475.3855
MEM 77.222656 1578389475.4860
CHLD 0 126.679688 1578389475.4970
MEM 77.222656 1578389475.5975
CHLD 0 126.679688 1578389475.6107
MEM 77.222656 1578389475.7111
CHLD 0 126.679688 1578389475.7268
MEM 77.222656 1578389475.8272
CHLD 0 126.679688 1578389475.8448
MEM 77.222656 1578389475.9452
CHLD 0 126.679688 1578389475.9546
MEM 77.222656 1578389476.0553
CHLD 0 126.679688 1578389476.0836
MEM 77.222656 1578389476.1841
CHLD 0 126.679688 1578389476.1985
MEM 77.222656 1578389476.2989
CHLD 0 126.679688 1578389476.3157
MEM 77.222656 1578389476.4161
CHLD 0 126.679688 1578389476.4306
MEM 77.222656 1578389476.5311
CHLD 0 126.679688 1578389476.5544
MEM 77.222656 1578389476.6551
CHLD 0 126.679688 1578389476.6674
MEM 77.222656 1578389476.7681
CHLD 0 126.679688 1578389476.7929
MEM 77.222656 1578389476.8934
CHLD 0 126.679688 1578389476.9104
MEM 77.222656 1578389477.0109
CHLD 0 126.679688 1578389477.0306
MEM 77.222656 1578389477.1310
CHLD 0 126.679688 1578389477.1441
MEM 77.222656 1578389477.2445
CHLD 0 126.679688 1578389477.2589
MEM 77.222656 1578389477.3594
CHLD 0 126.679688 1578389477.3737
MEM 77.222656 1578389477.4743
CHLD 0 126.679688 1578389477.4872
MEM 77.222656 1578389477.5880
CHLD 0 126.679688 1578389477.6127
MEM 77.222656 1578389477.7131
CHLD 0 126.679688 1578389477.7231
MEM 77.222656 1578389477.8236
CHLD 0 126.679688 1578389477.8399
MEM 77.222656 1578389477.9404
CHLD 0 126.679688 1578389477.9573
MEM 77.222656 1578389478.0576
CHLD 0 126.679688 1578389478.0694
MEM 77.222656 1578389478.1700
CHLD 0 126.679688 1578389478.1807
MEM 77.222656 1578389478.2813
CHLD 0 126.679688 1578389478.2972
MEM 77.222656 1578389478.3975
CHLD 0 126.679688 1578389478.4111
MEM 77.222656 1578389478.5115
CHLD 0 126.679688 1578389478.5288
MEM 77.222656 1578389478.6293
CHLD 0 126.679688 1578389478.6410
MEM 77.222656 1578389478.7417
CHLD 0 126.679688 1578389478.7525
MEM 77.222656 1578389478.8530
CHLD 0 126.679688 1578389478.8713
MEM 77.222656 1578389478.9718
CHLD 0 126.679688 1578389478.9845
MEM 77.222656 1578389479.0850
CHLD 0 126.679688 1578389479.0989
MEM 77.222656 1578389479.1995
CHLD 0 126.679688 1578389479.2139
MEM 77.222656 1578389479.3146
CHLD 0 126.679688 1578389479.3261
MEM 77.222656 1578389479.4265
CHLD 0 126.679688 1578389479.4381
MEM 77.222656 1578389479.5385
CHLD 0 126.679688 1578389479.5501
MEM 77.222656 1578389479.6508
CHLD 0 126.679688 1578389479.6641
MEM 77.222656 1578389479.7645
CHLD 0 126.679688 1578389479.7756
MEM 77.222656 1578389479.8760
CHLD 0 126.679688 1578389479.8881
MEM 77.222656 1578389479.9891
CHLD 0 126.679688 1578389480.0162
MEM 77.222656 1578389480.1171
CHLD 0 126.679688 1578389480.1427
MEM 77.222656 1578389480.2435
CHLD 0 126.679688 1578389480.2749
MEM 77.222656 1578389480.3756
CHLD 0 126.679688 1578389480.4024
MEM 77.222656 1578389480.5035
CHLD 0 126.679688 1578389480.5261
MEM 77.222656 1578389480.6264
CHLD 0 126.679688 1578389480.6374
MEM 77.222656 1578389480.7380
CHLD 0 126.679688 1578389480.7587
MEM 77.222656 1578389480.8598
CHLD 0 126.679688 1578389480.8730
MEM 77.222656 1578389480.9735
CHLD 0 126.679688 1578389480.9881
MEM 77.222656 1578389481.0886
CHLD 0 126.679688 1578389481.1034
MEM 77.222656 1578389481.2039
CHLD 0 126.679688 1578389481.2182
MEM 77.222656 1578389481.3189
CHLD 0 126.679688 1578389481.3419
MEM 77.222656 1578389481.4424
CHLD 0 126.679688 1578389481.4595
MEM 77.222656 1578389481.5600
CHLD 0 126.679688 1578389481.5723
MEM 77.222656 1578389481.6727
CHLD 0 126.679688 1578389481.6864
MEM 77.222656 1578389481.7872
CHLD 0 126.679688 1578389481.8127
MEM 77.222656 1578389481.9131
CHLD 0 126.679688 1578389481.9266
MEM 77.222656 1578389482.0270
CHLD 0 126.679688 1578389482.0429
MEM 77.222656 1578389482.1434
CHLD 0 126.679688 1578389482.1594
MEM 77.222656 1578389482.2598
CHLD 0 126.679688 1578389482.2736
MEM 77.222656 1578389482.3740
CHLD 0 126.679688 1578389482.3891
MEM 77.222656 1578389482.4897
CHLD 0 126.679688 1578389482.4998
MEM 77.222656 1578389482.6002
CHLD 0 126.679688 1578389482.6182
MEM 77.222656 1578389482.7188
CHLD 0 126.679688 1578389482.7354
MEM 77.222656 1578389482.8360
CHLD 0 126.679688 1578389482.8539
MEM 77.222656 1578389482.9544
CHLD 0 126.679688 1578389482.9708
MEM 77.222656 1578389483.0713
CHLD 0 126.679688 1578389483.0874
MEM 77.222656 1578389483.1879
CHLD 0 126.679688 1578389483.2042
MEM 77.222656 1578389483.3047
CHLD 0 126.679688 1578389483.3217
MEM 77.222656 1578389483.4222
CHLD 0 126.679688 1578389483.4398
MEM 77.222656 1578389483.5403
CHLD 0 126.679688 1578389483.5596
MEM 77.222656 1578389483.6602
CHLD 0 126.679688 1578389483.6794
MEM 77.222656 1578389483.7801
CHLD 0 126.679688 1578389483.7966
MEM 77.222656 1578389483.8971
CHLD 0 126.679688 1578389483.9109
MEM 77.222656 1578389484.0116
CHLD 0 126.679688 1578389484.0379
MEM 77.222656 1578389484.1386
CHLD 0 126.679688 1578389484.1487
MEM 77.222656 1578389484.2492
CHLD 0 126.679688 1578389484.2608
MEM 77.222656 1578389484.3613
CHLD 0 126.679688 1578389484.3752
MEM 77.222656 1578389484.4756
CHLD 0 126.679688 1578389484.4894
MEM 77.222656 1578389484.5900
CHLD 0 126.679688 1578389484.6060
MEM 77.222656 1578389484.7065
CHLD 0 126.679688 1578389484.7254
MEM 77.222656 1578389484.8261
CHLD 0 126.679688 1578389484.8522
MEM 77.222656 1578389484.9530
CHLD 0 126.679688 1578389484.9706
MEM 77.222656 1578389485.0712
CHLD 0 126.679688 1578389485.0889
MEM 77.222656 1578389485.1895
CHLD 0 126.679688 1578389485.1983
MEM 77.222656 1578389485.2989
CHLD 0 126.679688 1578389485.3061
MEM 77.222656 1578389485.4067
CHLD 0 126.679688 1578389485.4211
MEM 77.222656 1578389485.5215
CHLD 0 126.679688 1578389485.5399
MEM 77.222656 1578389485.6403
CHLD 0 126.679688 1578389485.6504
MEM 77.222656 1578389485.7508
CHLD 0 126.679688 1578389485.7634
MEM 77.222656 1578389485.8639
CHLD 0 126.679688 1578389485.8829
MEM 77.222656 1578389485.9836
CHLD 0 126.679688 1578389486.0063
MEM 77.222656 1578389486.1069
CHLD 0 126.679688 1578389486.1314
MEM 77.222656 1578389486.2320
CHLD 0 126.679688 1578389486.2525
MEM 77.222656 1578389486.3534
CHLD 0 126.679688 1578389486.3698
MEM 77.222656 1578389486.4704
CHLD 0 126.679688 1578389486.4904
MEM 77.222656 1578389486.5908
CHLD 0 126.679688 1578389486.5994
MEM 77.222656 1578389486.6997
CHLD 0 126.679688 1578389486.7077
MEM 77.222656 1578389486.8081
CHLD 0 126.679688 1578389486.8191
MEM 77.222656 1578389486.9196
CHLD 0 126.679688 1578389486.9298
MEM 77.222656 1578389487.0303
CHLD 0 126.679688 1578389487.0455
MEM 77.222656 1578389487.1462
CHLD 0 126.679688 1578389487.1766
MEM 77.222656 1578389487.2773
CHLD 0 126.679688 1578389487.3062
MEM 77.222656 1578389487.4068
CHLD 0 126.679688 1578389487.4263
MEM 77.222656 1578389487.5269
CHLD 0 126.679688 1578389487.5413
MEM 77.222656 1578389487.6417
CHLD 0 126.679688 1578389487.6562
MEM 77.222656 1578389487.7572
CHLD 0 126.679688 1578389487.7870
MEM 77.222656 1578389487.8880
CHLD 0 126.679688 1578389487.9124
MEM 77.222656 1578389488.0131
CHLD 0 126.679688 1578389488.0375
MEM 77.222656 1578389488.1383
CHLD 0 126.679688 1578389488.1643
MEM 77.222656 1578389488.2648
CHLD 0 126.679688 1578389488.2811
MEM 77.222656 1578389488.3816
CHLD 0 126.679688 1578389488.3997
MEM 77.222656 1578389488.5006
CHLD 0 126.679688 1578389488.5170
MEM 77.222656 1578389488.6179
CHLD 0 126.679688 1578389488.6432
MEM 77.222656 1578389488.7437
CHLD 0 126.679688 1578389488.7711
MEM 77.222656 1578389488.8718
CHLD 0 126.679688 1578389488.8890
MEM 77.222656 1578389488.9897
CHLD 0 126.679688 1578389489.0115
MEM 77.222656 1578389489.1122
CHLD 0 126.679688 1578389489.1303
MEM 77.222656 1578389489.2308
CHLD 0 126.679688 1578389489.2424
MEM 77.222656 1578389489.3430
CHLD 0 126.679688 1578389489.3689
MEM 77.222656 1578389489.4693
CHLD 0 126.679688 1578389489.4788
MEM 77.222656 1578389489.5793
CHLD 0 126.679688 1578389489.5962
MEM 77.222656 1578389489.6967
CHLD 0 126.679688 1578389489.7144
MEM 77.222656 1578389489.8150
CHLD 0 126.679688 1578389489.8397
MEM 77.222656 1578389489.9401
CHLD 0 126.679688 1578389489.9519
MEM 77.222656 1578389490.0523
CHLD 0 126.679688 1578389490.0680
MEM 77.222656 1578389490.1688
CHLD 0 126.679688 1578389490.1975
MEM 77.222656 1578389490.2981
CHLD 0 126.679688 1578389490.3160
MEM 77.222656 1578389490.4164
CHLD 0 126.679688 1578389490.4252
MEM 77.222656 1578389490.5256
CHLD 0 126.679688 1578389490.5400
MEM 77.222656 1578389490.6406
CHLD 0 126.679688 1578389490.6554
MEM 77.222656 1578389490.7558
CHLD 0 126.679688 1578389490.7710
MEM 77.222656 1578389490.8717
CHLD 0 126.679688 1578389490.8969
MEM 77.222656 1578389490.9975
CHLD 0 126.679688 1578389491.0178
MEM 77.222656 1578389491.1183
CHLD 0 126.679688 1578389491.1374
MEM 77.222656 1578389491.2381
CHLD 0 126.679688 1578389491.2626
MEM 77.222656 1578389491.3633
CHLD 0 126.679688 1578389491.3890
MEM 77.222656 1578389491.4898
CHLD 0 126.679688 1578389491.5143
MEM 77.222656 1578389491.6146
CHLD 0 126.679688 1578389491.6219
MEM 77.222656 1578389491.7223
CHLD 0 126.679688 1578389491.7355
MEM 77.222656 1578389491.8359
CHLD 0 126.679688 1578389491.8445
MEM 77.222656 1578389491.9449
CHLD 0 126.679688 1578389491.9605
MEM 77.222656 1578389492.0612
CHLD 0 126.679688 1578389492.0771
MEM 77.222656 1578389492.1774
CHLD 0 126.679688 1578389492.1869
MEM 77.222656 1578389492.2873
CHLD 0 126.679688 1578389492.2968
MEM 77.222656 1578389492.3973
CHLD 0 126.679688 1578389492.4104
MEM 77.222656 1578389492.5110
CHLD 0 126.679688 1578389492.5280
MEM 77.222656 1578389492.6285
CHLD 0 126.679688 1578389492.6411
MEM 77.222656 1578389492.7416
CHLD 0 126.679688 1578389492.7586
MEM 77.222656 1578389492.8591
CHLD 0 126.679688 1578389492.8743
MEM 77.222656 1578389492.9748
CHLD 0 126.679688 1578389492.9932
MEM 77.222656 1578389493.0940
CHLD 0 126.679688 1578389493.1257
MEM 77.222656 1578389493.2261
CHLD 0 126.679688 1578389493.2384
MEM 77.222656 1578389493.3388
CHLD 0 126.679688 1578389493.3500
MEM 77.222656 1578389493.4505
CHLD 0 126.679688 1578389493.4677
MEM 77.222656 1578389493.5681
CHLD 0 126.679688 1578389493.5800
MEM 77.222656 1578389493.6805
CHLD 0 126.679688 1578389493.6949
MEM 77.222656 1578389493.7953
CHLD 0 126.679688 1578389493.8129
MEM 77.222656 1578389493.9134
CHLD 0 126.679688 1578389493.9285
MEM 77.222656 1578389494.0290
CHLD 0 126.679688 1578389494.0462
MEM 77.222656 1578389494.1467
CHLD 0 126.679688 1578389494.1606
MEM 77.222656 1578389494.2611
CHLD 0 126.679688 1578389494.2805
MEM 77.222656 1578389494.3811
CHLD 0 126.679688 1578389494.3993
MEM 77.222656 1578389494.5004
CHLD 0 126.679688 1578389494.5213
MEM 77.222656 1578389494.6216
CHLD 0 126.679688 1578389494.6303
MEM 77.222656 1578389494.7307
CHLD 0 126.679688 1578389494.7430
MEM 77.222656 1578389494.8435
CHLD 0 126.679688 1578389494.8585
MEM 77.222656 1578389494.9595
CHLD 0 126.679688 1578389494.9712
MEM 77.222656 1578389495.0718
CHLD 0 126.679688 1578389495.0895
MEM 77.222656 1578389495.1905
CHLD 0 126.679688 1578389495.2237
MEM 77.222656 1578389495.3243
CHLD 0 126.679688 1578389495.3426
MEM 77.222656 1578389495.4433
CHLD 0 126.679688 1578389495.4667
MEM 77.222656 1578389495.5672
CHLD 0 126.679688 1578389495.5826
MEM 77.222656 1578389495.6830
CHLD 0 126.679688 1578389495.7037
MEM 77.222656 1578389495.8041
CHLD 0 126.679688 1578389495.8175
MEM 77.222656 1578389495.9180
CHLD 0 126.679688 1578389495.9344
MEM 77.222656 1578389496.0348
CHLD 0 126.679688 1578389496.0445
MEM 77.222656 1578389496.1450
CHLD 0 126.679688 1578389496.1653
MEM 77.222656 1578389496.2657
CHLD 0 126.679688 1578389496.2766
MEM 77.222656 1578389496.3770
CHLD 0 126.679688 1578389496.3954
MEM 77.222656 1578389496.4958
CHLD 0 126.679688 1578389496.5088
MEM 77.222656 1578389496.6093
CHLD 0 126.679688 1578389496.6272
MEM 77.222656 1578389496.7278
CHLD 0 126.679688 1578389496.7412
MEM 77.222656 1578389496.8417
CHLD 0 126.679688 1578389496.8566
MEM 77.222656 1578389496.9575
CHLD 0 126.679688 1578389496.9763
MEM 77.222656 1578389497.0771
CHLD 0 126.679688 1578389497.0920
MEM 77.222656 1578389497.1924
CHLD 0 126.679688 1578389497.2076
MEM 77.222656 1578389497.3080
CHLD 0 126.679688 1578389497.3176
MEM 77.222656 1578389497.4181
CHLD 0 126.679688 1578389497.4375
MEM 77.222656 1578389497.5379
CHLD 0 126.679688 1578389497.5506
MEM 77.222656 1578389497.6510
CHLD 0 126.679688 1578389497.6600
MEM 77.222656 1578389497.7608
CHLD 0 126.679688 1578389497.7831
MEM 77.222656 1578389497.8835
CHLD 0 126.679688 1578389497.8957
MEM 77.222656 1578389497.9962
CHLD 0 126.679688 1578389498.0128
MEM 77.222656 1578389498.1138
CHLD 0 126.679688 1578389498.1284
MEM 77.222656 1578389498.2288
CHLD 0 126.679688 1578389498.2448
MEM 77.222656 1578389498.3453
CHLD 0 126.679688 1578389498.3585
MEM 77.222656 1578389498.4590
CHLD 0 126.679688 1578389498.4752
MEM 77.222656 1578389498.5759
CHLD 0 126.679688 1578389498.5909
MEM 77.222656 1578389498.6915
CHLD 0 126.679688 1578389498.7133
MEM 77.222656 1578389498.8145
CHLD 0 126.679688 1578389498.8316
MEM 77.222656 1578389498.9324
CHLD 0 126.679688 1578389498.9601
MEM 77.222656 1578389499.0605
CHLD 0 126.679688 1578389499.0695
MEM 77.222656 1578389499.1698
CHLD 0 126.679688 1578389499.1781
MEM 77.222656 1578389499.2788
CHLD 0 126.679688 1578389499.2985
MEM 77.222656 1578389499.3995
CHLD 0 126.679688 1578389499.4102
MEM 77.222656 1578389499.5107
CHLD 0 126.679688 1578389499.5225
MEM 77.222656 1578389499.6229
CHLD 0 126.679688 1578389499.6314
MEM 77.222656 1578389499.7318
CHLD 0 126.679688 1578389499.7420
MEM 77.222656 1578389499.8424
CHLD 0 126.679688 1578389499.8556
MEM 77.222656 1578389499.9571
CHLD 0 126.679688 1578389499.9790
MEM 77.222656 1578389500.0794
CHLD 0 126.679688 1578389500.0948
MEM 77.222656 1578389500.1952
CHLD 0 126.679688 1578389500.2056
MEM 77.222656 1578389500.3060
CHLD 0 126.679688 1578389500.3149
MEM 77.222656 1578389500.4154
CHLD 0 126.679688 1578389500.4314
MEM 77.222656 1578389500.5321
CHLD 0 126.679688 1578389500.5556
MEM 77.222656 1578389500.6561
CHLD 0 126.679688 1578389500.6749
MEM 77.222656 1578389500.7754
CHLD 0 126.679688 1578389500.7986
MEM 77.222656 1578389500.8991
CHLD 0 126.679688 1578389500.9118
MEM 77.222656 1578389501.0123
CHLD 0 126.679688 1578389501.0258
MEM 77.222656 1578389501.1263
CHLD 0 126.679688 1578389501.1407
MEM 77.222656 1578389501.2411
CHLD 0 126.679688 1578389501.2523
MEM 77.222656 1578389501.3528
CHLD 0 126.679688 1578389501.3734
MEM 77.222656 1578389501.4740
CHLD 0 126.679688 1578389501.4951
MEM 77.222656 1578389501.5956
CHLD 0 126.679688 1578389501.6095
MEM 77.222656 1578389501.7101
CHLD 0 126.679688 1578389501.7366
MEM 77.222656 1578389501.8371
CHLD 0 126.679688 1578389501.8525
MEM 77.222656 1578389501.9529
CHLD 0 126.679688 1578389501.9687
MEM 77.222656 1578389502.0693
CHLD 0 126.679688 1578389502.0864
MEM 77.222656 1578389502.1869
CHLD 0 126.679688 1578389502.2057
MEM 77.222656 1578389502.3063
CHLD 0 126.679688 1578389502.3206
MEM 77.222656 1578389502.4215
CHLD 0 126.679688 1578389502.4486
MEM 77.222656 1578389502.5491
CHLD 0 126.679688 1578389502.5626
MEM 77.222656 1578389502.6633
CHLD 0 126.679688 1578389502.6893
MEM 77.222656 1578389502.7901
CHLD 0 126.679688 1578389502.8177
MEM 77.222656 1578389502.9183
CHLD 0 126.679688 1578389502.9345
MEM 77.222656 1578389503.0349
CHLD 0 126.679688 1578389503.0589
MEM 77.222656 1578389503.1594
CHLD 0 126.679688 1578389503.1777
MEM 77.222656 1578389503.2782
CHLD 0 126.679688 1578389503.2948
MEM 77.222656 1578389503.3955
CHLD 0 126.679688 1578389503.4150
MEM 77.222656 1578389503.5154
CHLD 0 126.679688 1578389503.5307
MEM 77.222656 1578389503.6312
CHLD 0 126.679688 1578389503.6443
MEM 77.222656 1578389503.7450
CHLD 0 126.679688 1578389503.7675
MEM 77.222656 1578389503.8679
CHLD 0 126.679688 1578389503.8828
MEM 77.222656 1578389503.9832
CHLD 0 126.679688 1578389503.9949
MEM 77.222656 1578389504.0953
CHLD 0 126.679688 1578389504.1039
MEM 77.222656 1578389504.2043
CHLD 0 126.679688 1578389504.2129
MEM 77.222656 1578389504.3134
CHLD 0 126.679688 1578389504.3368
MEM 77.222656 1578389504.4376
CHLD 0 126.679688 1578389504.4645
MEM 77.222656 1578389504.5650
CHLD 0 126.679688 1578389504.5953
MEM 77.222656 1578389504.6958
CHLD 0 126.679688 1578389504.7110
MEM 77.222656 1578389504.8115
CHLD 0 126.679688 1578389504.8242
MEM 77.222656 1578389504.9246
CHLD 0 126.679688 1578389504.9400
MEM 77.222656 1578389505.0404
CHLD 0 126.679688 1578389505.0517
MEM 77.222656 1578389505.1522
CHLD 0 126.679688 1578389505.1675
MEM 77.222656 1578389505.2679
CHLD 0 126.679688 1578389505.2820
MEM 77.222656 1578389505.3826
CHLD 0 126.679688 1578389505.4028
MEM 77.222656 1578389505.5033
CHLD 0 126.679688 1578389505.5222
MEM 77.222656 1578389505.6227
CHLD 0 126.679688 1578389505.6355
MEM 77.222656 1578389505.7361
CHLD 0 126.679688 1578389505.7600
MEM 77.222656 1578389505.8606
CHLD 0 126.679688 1578389505.8768
MEM 77.222656 1578389505.9773
CHLD 0 126.679688 1578389505.9905
MEM 77.222656 1578389506.0911
CHLD 0 126.679688 1578389506.1092
MEM 77.222656 1578389506.2097
CHLD 0 126.679688 1578389506.2290
MEM 77.222656 1578389506.3299
CHLD 0 126.679688 1578389506.3490
MEM 77.222656 1578389506.4496
CHLD 0 126.679688 1578389506.4686
MEM 77.222656 1578389506.5691
CHLD 0 126.679688 1578389506.5834
MEM 77.222656 1578389506.6837
CHLD 0 126.679688 1578389506.6915
MEM 77.222656 1578389506.7919
CHLD 0 126.679688 1578389506.8077
MEM 77.222656 1578389506.9082
CHLD 0 126.679688 1578389506.9252
MEM 77.222656 1578389507.0258
CHLD 0 126.679688 1578389507.0495
MEM 77.222656 1578389507.1506
CHLD 0 126.679688 1578389507.1756
MEM 77.222656 1578389507.2762
CHLD 0 126.679688 1578389507.2971
MEM 77.222656 1578389507.3974
CHLD 0 126.679688 1578389507.4066
MEM 77.222656 1578389507.5069
CHLD 0 126.679688 1578389507.5161
MEM 77.222656 1578389507.6164
CHLD 0 126.679688 1578389507.6240
MEM 77.222656 1578389507.7244
CHLD 0 126.679688 1578389507.7349
MEM 77.222656 1578389507.8354
CHLD 0 126.679688 1578389507.8508
MEM 77.222656 1578389507.9513
CHLD 0 126.679688 1578389507.9646
MEM 77.222656 1578389508.0649
CHLD 0 126.679688 1578389508.0728
MEM 77.222656 1578389508.1735
CHLD 0 126.679688 1578389508.1978
MEM 77.222656 1578389508.2984
CHLD 0 126.679688 1578389508.3193
MEM 77.222656 1578389508.4199
CHLD 0 126.679688 1578389508.4391
MEM 77.222656 1578389508.5396
CHLD 0 126.679688 1578389508.5644
MEM 77.222656 1578389508.6648
CHLD 0 126.679688 1578389508.6797
MEM 77.222656 1578389508.7802
CHLD 0 126.679688 1578389508.7969
MEM 77.222656 1578389508.8976
CHLD 0 126.679688 1578389508.9224
MEM 77.222656 1578389509.0229
CHLD 0 126.679688 1578389509.0390
MEM 77.222656 1578389509.1395
CHLD 0 126.679688 1578389509.1570
MEM 77.222656 1578389509.2582
CHLD 0 126.679688 1578389509.2870
MEM 77.222656 1578389509.3878
CHLD 0 126.679688 1578389509.4167
MEM 77.222656 1578389509.5172
CHLD 0 126.679688 1578389509.5313
MEM 77.222656 1578389509.6320
CHLD 0 126.679688 1578389509.6429
MEM 77.222656 1578389509.7433
CHLD 0 126.679688 1578389509.7544
MEM 77.222656 1578389509.8548
CHLD 0 126.679688 1578389509.8678
MEM 77.222656 1578389509.9684
CHLD 0 126.679688 1578389509.9821
MEM 77.222656 1578389510.0825
CHLD 0 126.679688 1578389510.0959
MEM 77.222656 1578389510.1964
CHLD 0 126.679688 1578389510.2063
MEM 77.222656 1578389510.3067
CHLD 0 126.679688 1578389510.3169
MEM 77.222656 1578389510.4174
CHLD 0 126.679688 1578389510.4338
MEM 77.222656 1578389510.5344
CHLD 0 126.679688 1578389510.5496
MEM 77.222656 1578389510.6502
CHLD 0 126.679688 1578389510.6652
MEM 77.222656 1578389510.7657
CHLD 0 126.679688 1578389510.7807
MEM 77.222656 1578389510.8813
CHLD 0 126.679688 1578389510.8965
MEM 77.222656 1578389510.9970
CHLD 0 126.679688 1578389511.0134
MEM 77.222656 1578389511.1138
CHLD 0 126.679688 1578389511.1292
MEM 77.222656 1578389511.2297
CHLD 0 126.679688 1578389511.2495
MEM 77.222656 1578389511.3503
CHLD 0 126.679688 1578389511.3736
MEM 77.222656 1578389511.4741
CHLD 0 126.679688 1578389511.4841
MEM 77.222656 1578389511.5847
CHLD 0 126.679688 1578389511.6058
MEM 77.222656 1578389511.7064
CHLD 0 126.679688 1578389511.7286
MEM 77.222656 1578389511.8292
CHLD 0 126.679688 1578389511.8535
MEM 77.222656 1578389511.9540
CHLD 0 126.679688 1578389511.9688
MEM 77.222656 1578389512.0694
CHLD 0 126.679688 1578389512.0869
MEM 77.222656 1578389512.1874
CHLD 0 126.863281 1578389512.2024
MEM 77.222656 1578389512.3032
CHLD 0 126.863281 1578389512.3323
MEM 77.222656 1578389512.4328
CHLD 0 126.863281 1578389512.4433
MEM 77.222656 1578389512.5437
CHLD 0 126.863281 1578389512.5580
MEM 77.222656 1578389512.6585
CHLD 0 126.863281 1578389512.6687
MEM 77.222656 1578389512.7693
CHLD 0 126.863281 1578389512.7901
MEM 77.222656 1578389512.8906
CHLD 0 126.863281 1578389512.9035
MEM 77.222656 1578389513.0041
CHLD 0 126.863281 1578389513.0218
MEM 77.222656 1578389513.1222
CHLD 0 126.863281 1578389513.1369
MEM 77.222656 1578389513.2374
CHLD 0 126.863281 1578389513.2485
MEM 77.222656 1578389513.3490
CHLD 0 126.863281 1578389513.3698
MEM 77.222656 1578389513.4705
CHLD 0 126.863281 1578389513.4922
MEM 77.222656 1578389513.5932
CHLD 0 126.863281 1578389513.6111
MEM 77.222656 1578389513.7118
CHLD 0 126.863281 1578389513.7262
MEM 77.222656 1578389513.8267
CHLD 0 126.863281 1578389513.8395
MEM 77.222656 1578389513.9399
CHLD 0 126.863281 1578389513.9501
MEM 77.222656 1578389514.0509
CHLD 0 126.863281 1578389514.0782
MEM 77.222656 1578389514.1787
CHLD 0 126.863281 1578389514.1968
MEM 77.222656 1578389514.2975
CHLD 0 126.863281 1578389514.3196
MEM 77.222656 1578389514.4200
CHLD 0 126.863281 1578389514.4308
MEM 77.222656 1578389514.5314
CHLD 0 126.863281 1578389514.5520
MEM 77.222656 1578389514.6525
CHLD 0 126.863281 1578389514.6648
MEM 77.222656 1578389514.7654
CHLD 0 126.863281 1578389514.7844
MEM 77.222656 1578389514.8851
CHLD 0 126.863281 1578389514.9041
MEM 77.222656 1578389515.0047
CHLD 0 126.863281 1578389515.0237
MEM 77.222656 1578389515.1242
CHLD 0 126.863281 1578389515.1421
MEM 77.222656 1578389515.2427
CHLD 0 126.863281 1578389515.2559
MEM 77.222656 1578389515.3567
CHLD 0 126.863281 1578389515.3801
MEM 77.222656 1578389515.4806
CHLD 0 126.863281 1578389515.4962
MEM 77.222656 1578389515.5967
CHLD 0 126.863281 1578389515.6125
MEM 77.222656 1578389515.7130
CHLD 0 126.863281 1578389515.7287
MEM 77.222656 1578389515.8292
CHLD 0 126.863281 1578389515.8441
MEM 77.222656 1578389515.9445
CHLD 0 126.863281 1578389515.9642
MEM 77.222656 1578389516.0646
CHLD 0 126.863281 1578389516.0742
MEM 77.222656 1578389516.1754
CHLD 0 126.863281 1578389516.1936
MEM 77.222656 1578389516.2941
CHLD 0 126.863281 1578389516.3090
MEM 77.222656 1578389516.4094
CHLD 0 126.863281 1578389516.4170
MEM 77.222656 1578389516.5177
CHLD 0 126.863281 1578389516.5436
MEM 77.222656 1578389516.6441
CHLD 0 126.863281 1578389516.6615
MEM 77.222656 1578389516.7619
CHLD 0 126.863281 1578389516.7708
MEM 77.222656 1578389516.8716
CHLD 0 126.863281 1578389516.9001
MEM 77.222656 1578389517.0008
CHLD 0 126.863281 1578389517.0239
MEM 77.222656 1578389517.1246
CHLD 0 126.863281 1578389517.1468
MEM 77.222656 1578389517.2475
CHLD 0 126.863281 1578389517.2719
MEM 77.222656 1578389517.3723
CHLD 0 126.863281 1578389517.3876
MEM 77.222656 1578389517.4882
CHLD 0 126.863281 1578389517.5089
MEM 77.222656 1578389517.6094
CHLD 0 126.863281 1578389517.6193
MEM 77.222656 1578389517.7196
CHLD 0 126.863281 1578389517.7310
MEM 77.222656 1578389517.8316
CHLD 0 126.863281 1578389517.8615
MEM 77.222656 1578389517.9620
CHLD 0 126.863281 1578389517.9827
MEM 77.222656 1578389518.0830
CHLD 0 126.863281 1578389518.0917
MEM 77.222656 1578389518.1925
CHLD 0 126.863281 1578389518.2211
MEM 77.222656 1578389518.3215
CHLD 0 126.863281 1578389518.3371
MEM 77.222656 1578389518.4377
CHLD 0 126.863281 1578389518.4615
MEM 77.222656 1578389518.5620
CHLD 0 126.863281 1578389518.5801
MEM 77.222656 1578389518.6808
CHLD 0 126.863281 1578389518.7125
MEM 77.222656 1578389518.8130
CHLD 0 126.863281 1578389518.8283
MEM 77.222656 1578389518.9288
CHLD 0 126.863281 1578389518.9437
MEM 77.222656 1578389519.0443
CHLD 0 126.863281 1578389519.0599
MEM 77.222656 1578389519.1604
CHLD 0 126.863281 1578389519.1760
MEM 77.222656 1578389519.2765
CHLD 0 126.863281 1578389519.3001
MEM 77.222656 1578389519.4009
CHLD 0 126.863281 1578389519.4265
MEM 77.222656 1578389519.5273
CHLD 0 126.863281 1578389519.5539
MEM 77.222656 1578389519.6544
CHLD 0 126.863281 1578389519.6728
MEM 77.222656 1578389519.7733
CHLD 0 126.863281 1578389519.7921
MEM 77.222656 1578389519.8926
CHLD 0 126.863281 1578389519.9048
MEM 77.222656 1578389520.0052
CHLD 0 126.863281 1578389520.0162
MEM 77.222656 1578389520.1167
CHLD 0 126.863281 1578389520.1277
MEM 77.222656 1578389520.2282
CHLD 0 126.863281 1578389520.2419
MEM 77.222656 1578389520.3422
CHLD 0 126.863281 1578389520.3526
MEM 77.222656 1578389520.4538
CHLD 0 126.863281 1578389520.4797
MEM 77.222656 1578389520.5804
CHLD 0 126.863281 1578389520.6062
MEM 77.222656 1578389520.7066
CHLD 0 126.863281 1578389520.7163
MEM 77.222656 1578389520.8168
CHLD 0 126.863281 1578389520.8319
MEM 77.222656 1578389520.9324
CHLD 0 126.863281 1578389520.9476
MEM 77.222656 1578389521.0480
CHLD 0 126.863281 1578389521.0612
MEM 77.222656 1578389521.1618
CHLD 0 126.863281 1578389521.1851
MEM 77.222656 1578389521.2859
CHLD 0 126.863281 1578389521.3040
MEM 77.222656 1578389521.4044
CHLD 0 126.863281 1578389521.4130
MEM 77.222656 1578389521.5138
CHLD 0 126.863281 1578389521.5339
MEM 77.222656 1578389521.6344
CHLD 0 126.863281 1578389521.6425
MEM 77.222656 1578389521.7428
CHLD 0 126.863281 1578389521.7513
MEM 77.222656 1578389521.8519
CHLD 0 126.863281 1578389521.8821
MEM 75.878906 1578389521.9830
CHLD 0 126.945312 1578389521.9921
MEM 75.878906 1578389522.0926
CHLD 0 126.722656 1578389522.1077
MEM 75.878906 1578389522.2084
CHLD 0 126.417969 1578389522.2355
MEM 75.878906 1578389522.3359
CHLD 0 126.417969 1578389522.3488
